"X1" "X2" "X3" "X4" "X5" "X6"
"1" -0.149636656390815 -0.105000019582984 -0.351918496348436 0.0256651689561821 0.105700725592873 -0.022109524459397
"2" 0.136662023072305 0.0590656060204874 -0.0479326424762255 0.0449499386148808 -0.181826172248263 -0.00276237454777364
"3" 0.33751423882751 -0.208371366467267 -0.251733721769332 -0.113297643157603 0.0665671595762941 -0.0165675775958013
"4" -0.593099999161958 -0.0442471436032253 0.0383854467080886 -0.123965365202193 0.0922488357606084 0.144563527209642
"5" -0.0245514054730029 0.0609927384559352 -0.0556870793397058 -0.0781321855681187 0.0665572563883314 -0.0169620097626643
"6" 0.242663532894482 0.137330347624725 -0.00273847664105482 -0.0813950859033006 0.114750529494192 -0.0678561566677651
"7" 0.542188003643472 -0.0487423693712129 -0.11253545010498 -0.148495077233296 0.100815091251103 -0.0702695094643085
"8" -0.360228879940691 -0.111208610783226 0.0939610162274674 -0.100392840190076 0.0609445530934127 0.133416292296006
"9" -0.364194874887927 -0.0784622450103268 0.130111541857664 -0.118184503619759 0.0238865731394468 0.118739955674837
"10" 0.0115543508535667 0.0520095234401214 -0.0361870932576075 -0.0907562678696975 0.0617590702264158 -0.0215858350964423
"11" 0.223072506292569 0.10215957600687 -0.00673150369163812 -0.0773409654098323 0.108905030905892 -0.048154617948267
"12" 0.502616461464969 -0.0229968805057321 -0.0601639760757965 -0.116581945644934 0.105916093729572 -0.0555241707588905
"13" 0.358789218863245 -0.081339340548528 -0.200584612091264 -0.0602978745681192 0.0377282874792973 -0.0260191721552973
"14" 0.228996506535593 0.132590529248072 0.161059783216344 -0.0985947583031502 0.0564172952290252 0.120771945709615
"15" 0.317611225293749 0.00731643720543588 0.068067220243689 -0.14665137335847 0.0727009045700244 0.00302425317259213
"16" 0.0651047282154551 0.03982902956839 0.043154637523605 -0.117638186489113 0.0387937899117231 0.0179467167464783
"17" 0.00168308569436224 0.117594400871022 -0.0698004991208452 -0.0868147626262262 0.0563756468710539 -0.0262721370082193
"18" 0.0721619416817064 0.181837031871588 -0.0313172439728036 -0.0820471206845108 0.0663013790838715 -0.0518927462960542
"19" 0.0954939350415224 0.209491463278042 -0.0342762973332723 -0.059361269491041 0.0713290035851187 -0.0515370005891051
"20" 0.155891511025134 0.130800433886614 -0.120155240528471 -0.050322744410434 0.0220618392840474 -0.0243662178992709
"21" 0.0772430077719886 0.254921778977215 0.180653197042284 -0.0494272491209835 0.050000164758286 0.116947206589727
"22" 0.246224423567979 0.18551271941408 0.102350825747326 -0.0853495112255547 0.0441242565793875 0.0449162289414533
"23" 0.214128639344562 0.17404254579306 0.0597586703037893 -0.0972435614425681 0.0760562572950957 -0.0268195032235293
"24" 0.0395803477792678 0.143906427351919 0.0165181964444963 -0.0849226853372274 0.0137704321400069 0.0180948439785758
"25" 0.0781925580460883 0.141863643528458 -0.05896262225757 -0.103930640945522 0.0573086857008994 -0.0452710837041223
"26" 0.0972413508778706 0.189115022842141 -0.0282710559846786 -0.0715155336820711 0.0536988640990791 -0.0446926563933508
"27" 0.0793605857313075 0.185039364234061 -0.0612046514824295 -0.0526754082335199 0.0486583780524975 -0.0294961431970422
"28" 0.188489581833217 0.166855039912626 -0.0766091435659735 -0.0541159326204735 0.0203293498518509 -0.0136052917679857
"29" 0.651201819361368 -0.280416749803745 -0.367840097411653 -0.106855362350365 -0.0206204206071511 0.0255832941985726
"30" 0.0150577547870351 0.154729865741325 0.207263072470261 -0.13071963230712 0.0808370861198327 0.175305611247204
"31" 0.126968282178882 0.223497108294022 0.217649051688246 -0.075017948944376 0.0956004807728286 0.0852339138028654
"32" 0.118102523335289 0.19776353308559 -0.0733310008043434 -0.0660737221006552 0.0772704361248079 -0.0374405263530945
"33" 0.0407214256129994 0.298798958854234 -0.0796114186570161 -0.00506163082575151 0.0720167888888598 -0.033394652105959
"34" 0.17501061086123 0.268540263919469 -0.0152112438121344 0.00281297839526725 0.0585649419314812 -0.0229934757477159
"35" 0.202486172482332 0.101019845863545 -0.035496213316816 -0.092533611021303 0.0489596393581689 -0.0263349042361195
"36" 0.100525315870969 0.2489551450515 0.0118927806070697 -0.064074834394504 0.0307271299919225 -0.0118431844354795
"37" 0.156294078008128 0.222888739936407 0.0358780248732676 -0.0623066591438632 0.0217059455391987 -0.00223982250617781
"38" 0.109256604000183 0.176621753495688 -0.0152779432478857 -0.0923659590078896 0.0488125904575324 -0.0351682051931445
"39" 0.228588183606281 0.215297373194598 0.00668088775574951 -0.0768976370200165 0.0593677355719609 -0.0416727963867139
"40" 0.438313502395209 -0.0236441340762353 -0.129951738414197 -0.0882377913013841 0.00381413820747637 -0.00804065433617396
"41" 0.2896451550747 0.299613274066034 -0.0414275493631036 0.00110386633902968 0.0805530667031939 0.00498255093146417
"42" 0.048985509321397 0.226736651714129 0.0392457536543148 -0.0511938946151916 -0.01896164000165 0.0716840145590041
"43" 0.045374121727023 0.231305556763883 0.0433179078112752 -0.0496515868071092 -0.0167286043460319 0.0716903787633791
"44" -0.140483525392578 0.276042216570757 -0.136923612880926 -0.00933855328110667 0.0123949618242935 0.0142960923135355
"45" 0.0153671267912138 0.377697174641292 -0.0638274448471068 -0.00983715491791371 0.0809539225685803 0.0129947096628276
"46" 0.209890204201502 0.276900392742976 -0.00474329361327468 -0.0210748833957129 0.0475345186565895 -0.0246756672112123
"47" 0.146982462654467 0.141277040108512 -0.0757492355389093 -0.0997074563050902 0.0334502528858012 -0.0307008035844673
"48" 0.160359226415498 0.303831694393338 0.0102440371739024 -0.0643747024735525 0.0241908562547759 0.00364474336976149
"49" 0.306358999822331 0.214083221377415 0.0630004653554043 -0.0696639896912427 0.0429347376753934 0.00488521471825351
"50" 0.309247656854131 0.0819265199307879 0.0109266963804752 -0.146908906657863 0.0684528413394268 -0.043006758708442
"51" 0.38265573952399 0.143842175793042 0.0648160170909305 -0.103721544502023 0.102675116880393 -0.0514996027395567
"52" 0.48523074623943 0.0564827987966689 -0.00586184266494183 -0.0785351253872021 0.0640586009654601 -0.0328323589152448
"53" 0.22364522621325 -0.0383651509136682 -0.211218222009603 -0.0225489768416137 -0.0554890364224569 0.0248346031615434
"54" -0.111702167407801 0.150451087188667 -0.0867530109858159 -0.0968858635188462 0.0026906916325598 0.0273965938543631
"55" 0.242781504165164 0.288378149909839 -0.0170814142075061 -0.0525834104205349 0.0814723039244778 -0.0228831480785824
"56" 0.109255162144237 0.2691505559071 -0.0715577112013435 -0.00278236179188696 0.0240494946320141 0.0127336513404774
"57" -0.01980315894339 0.292820526807248 -0.162149581767479 -0.00778119618600847 -0.00275528930249503 0.0357984916823173
"58" 0.205242351501777 0.329235949553434 -0.0974299033716885 -0.0359548462830835 0.0342281907868811 0.00334290820233205
"59" 0.00293082969579914 0.364517707916492 0.0243978501309503 -0.010311008604059 0.0117865543680089 0.00249148441119082
"60" -0.0320825303772665 0.362309785157372 -0.0255232553683152 -0.0497768114959899 0.0302016462589686 0.0407499096633119
"61" 0.166763261323853 0.44836641289494 0.126595384703127 0.113646696279713 -0.177974109149389 0.00279656021806275
"62" 0.408750377561761 0.312784538190301 0.147455305388825 0.0664484555984825 -0.119156243551907 -0.0115650839996763
"63" 0.472234792565406 0.126943305360261 0.162954398891361 -0.0133669087006794 -0.121614680966567 -0.0659019694767795
"64" 0.523201052440121 0.0791256184593066 0.146612994726172 -0.0125920804700384 -0.148248368871493 -0.0802310341178263
"65" 0.450777804911496 0.112565291997029 0.095237617290636 -0.141806104937059 0.0798331140591115 -0.0547103522258576
"66" 0.0977238915264475 0.141113886861961 -0.048322383646299 0.00173155212654938 -0.0157593996684579 0.0141325916362955
"67" -0.00726224187874928 -0.347361013263032 -0.343562335176362 -0.0273170218553228 -0.0256331285755344 0.0497940943206405
"68" -0.363777716289538 0.142825874260492 -0.238839757320276 -0.070092786503398 -0.0230801041085045 -0.00684548373738669
"69" -0.201736200629236 0.216621021900914 -0.188659335340594 -0.119111777408789 0.00952008786995034 0.000695877591047491
"70" 0.0999566899729662 0.26286771694959 -0.0941876451733596 -0.0780816496894425 0.0460672453348499 -0.0334471742120611
"71" 0.0579013974952729 0.274885876186779 -0.0514826853554608 -0.0215201305882383 0.0270124131404522 -0.00871154723809596
"72" 0.0166918724676235 0.269243115624945 -0.146996311395052 -0.0475714657474192 -0.00966610937583789 0.0179065893580854
"73" 0.0962947807201701 0.268109603184156 -0.119625829757 -0.0456841975223436 0.0145645809788324 -0.00844445511264954
"74" -0.102781270400849 0.268355848530709 -0.0914630722626063 -0.02565368232519 -0.0228181771240378 0.030831218397332
"75" 0.0451866646293365 0.377794582481079 -0.0103005495129181 -0.023852478409077 0.0350884916811495 0.0737160177302544
"76" 0.384167524084214 0.439689178740002 0.022508245601259 0.0739953269211779 -0.216065956480356 0.0507478095998132
"77" 0.382491115427226 0.387771212227509 0.208700541532457 0.0812452246188777 -0.0885407018798679 -0.0147558363397142
"78" 0.489916726248721 0.151447565817039 0.15932399831329 -0.0250113642387557 -0.113021921552911 -0.0757084618787437
"79" 0.428308688990845 0.122046579131894 0.145125674766127 0.00396288531025836 -0.161115518712214 -0.0824635206882185
"80" 0.253692892036258 0.208703568143427 0.0720886749138614 -0.0931505950648669 0.0499126563062261 -0.0499070011290625
"81" 0.0765631698168285 0.149513918228711 -0.0625432701751048 0.00272328133073904 -0.0209466484957273 0.0257793619672165
"82" 0.0587453991717315 -0.287454905895096 -0.165424599367733 -0.033739564991135 -0.0148031558104701 0.0786589413319514
"83" 0.309594293101855 -0.638199765552939 -0.615636379885717 -0.190911466257896 0.0148931237137919 0.0252024706924255
"84" -0.2590258800984 0.122074732272215 -0.279333534858481 -0.0416724210191195 -0.0360713622417371 -0.00137883682665889
"85" -0.319380459712539 0.195274651457762 -0.279054686237146 -0.0465896362228331 -0.0381534738591739 0.0219327885084209
"86" -0.0659408353569504 0.278236020516874 -0.138106655752384 -0.080721992478843 0.00594570697676352 0.00286647812416631
"87" 0.0454995429842694 0.292433891380229 -0.0844519939611474 -0.0733659991966516 0.0349270140363312 -0.0352673696709253
"88" -0.0277496765028176 0.324933692881418 -0.0619297114304593 -0.0232227849063837 0.0156739206968512 -0.00846655470340565
"89" -0.0660136277311265 0.321596568119162 -0.112441983050429 -0.0316717725889634 0.00414875967823329 0.0022896603574024
"90" -0.115577492047463 0.283742194124872 -0.145550050244442 -0.0199698193934212 4.48993646360659e-05 -0.0014140927308385
"91" -0.253889148271088 0.34746857628304 -0.0777066208080245 0.0189846582964045 -0.0412790668557794 0.0770532994441995
"92" 0.0792829501691256 0.470848106491796 0.0591764291926433 0.0323243518610806 0.0234656626674501 0.0818005825064317
"93" 0.336283201796168 0.441916582532795 0.166807521152424 0.0975538116385899 -0.132405339398958 0.0120822725365453
"94" 0.414107211633171 0.346814468219524 0.20651389378166 0.0459917220041196 -0.13528040287486 -0.0371595161852104
"95" 0.554379783072638 0.102645203959477 0.0579021725145171 -0.173721272591651 0.0991943488229655 -0.0543482620538918
"96" 0.320865792030422 0.162685031586377 0.0107796704930521 -0.114469621513847 0.0559729609823915 -0.0488548358174555
"97" 0.137975803800948 0.242198289772155 -0.0503212074716203 -0.042958851849287 0.00701098732252498 -0.020341503941851
"98" 0.174305068537579 0.143166600104122 -0.0712624247251364 -0.0396198652286264 -0.00260101360746148 0.0164009152472693
"99" -0.170118304540457 0.0132509625638238 -0.0441113759937433 -0.0423781451044709 -0.0411556813458751 0.0836893655927116
"100" -0.0106895340107744 -0.412981997930042 -0.351949820293708 -0.201581561943587 0.000355723335049849 0.00746191671954691
"101" -0.297894880608668 0.236379606086788 -0.201742113467034 0.154102129623129 0.0541229184382096 -0.109074445467173
"102" 0.00448903008391169 0.240434794193235 -0.277598982872529 -0.0432538268551471 -0.0233971865285921 0.00366267000986327
"103" 0.106181927619107 0.252392579849516 -0.175547651002163 -0.0822555190475085 0.0143637011338814 -0.0309873052865203
"104" -0.14365985843875 0.308172762826943 -0.122516851233607 -0.0437571606088427 0.00235392457912476 -0.0283788648525795
"105" -0.0787527047202388 0.294555351932606 -0.105144480290501 -0.0388617040645792 0.0173059702681103 -0.0199604451270965
"106" -0.151713266577602 0.317842671050133 -0.123059005382417 -0.0275705920851534 0.013140708736486 -0.00493009461320043
"107" -0.120413249224037 0.265090869799058 -0.159285163368607 -0.0359681560754668 -0.00282090058847643 0.000173041715577536
"108" -0.100874791293138 0.396886710041671 -0.0410033975339993 0.0181849195883493 -0.0168293918404021 0.0769325305718907
"109" 0.156441749327166 0.478487686275515 0.138365966721473 0.0392601942701462 0.0323114075520791 0.0511840857648565
"110" 0.324056266749948 0.392954843924614 0.104041713158844 0.101032617559858 -0.190156412923363 -0.000626474261938259
"111" 0.3712217638368 0.326009030438112 0.0965752278141643 0.0526300201560461 -0.199069618145679 -0.0252273638825516
"112" 0.35795835584028 0.22023516958884 0.0397707375883984 -0.109239990742711 0.0610493495025845 -0.0392610829613488
"113" 0.0112709476686549 0.279084124538197 -0.0442118811845446 -0.029540952753364 0.0102372328436696 -0.0124330762614116
"114" 0.116804621545698 0.233492426756755 -0.0988483787842699 -0.027688036819963 0.0199481845493101 -0.0154612072666403
"115" 0.333334165602557 0.126091629118514 -0.0441334768274316 -0.0671378469169235 0.0603366213112043 -0.0193180515183782
"116" -0.250999260668812 0.252068716591186 0.0498283519326817 -0.122552190417296 -0.00248075249381907 -0.00326191434530968
"117" -0.33723742542502 -0.218970564903486 -0.311630564853527 -0.125650940669125 -0.0233769516701885 0.00059515567790694
"118" 0.0469692941192834 0.377338254089613 -0.167930955081498 0.0526345572724996 0.0091412166351509 -0.0050866861424423
"119" -0.00821272675821955 0.380034207915069 -0.0904724092384127 0.00379516751672651 0.00941718935192867 -0.0294046586704662
"120" -0.104058488140296 0.352651389504906 -0.100890601218118 -0.0293862226790903 0.00496734330340816 -0.00286452613529331
"121" -0.174593686031391 0.274825685619472 -0.149352147321458 -0.0239597519300397 -0.0020165814275886 -0.0109511253769059
"122" -0.0590273811898709 0.295930823403109 -0.084040024536527 -0.0484908809044636 0.0222583953721192 -0.00664042620373647
"123" 0.136406287546362 0.325636448165726 0.0157996148005773 -0.0342312820096024 0.0424748491308771 0.0131232869228543
"124" 0.308672218456074 0.299148765218047 0.01256026076077 -0.0489840218995194 0.0806171191561651 -0.0129706067578327
"125" 0.411689961029688 0.262672549171895 0.0110756636633618 -0.0565645321380535 0.0554439142920745 -0.0259460117587956
"126" 0.438534095519093 0.270757312424939 -0.00849079175725265 -0.0699401862080078 0.0482980742221327 -0.00709191594254721
"127" 0.40152423547244 0.259751440324482 -0.0162796822051707 -0.0647944961952281 0.0604045660508032 -0.0183267724410956
"128" 0.228361533232409 0.204342553601544 -0.0471268880507537 -0.0306524155376721 0.0249052026352089 -0.00356657386583345
"129" -0.0509418280437214 0.215827301808866 -0.145065894097242 -0.00934404542986709 -0.0041692248874989 0.0357627261121866
"130" 0.206300417170581 0.216144397087437 -0.160994077663055 -0.0849421711409316 0.0485702521586476 -0.0156449132489715
"131" 0.399552072530737 0.195514385610348 0.158019786219148 0.19619049086964 -0.0503861903976322 -0.10254468058077
"132" -0.280867537301761 0.233823020108457 0.224971885193353 0.0239175655555846 0.03180850884576 -0.144630808080924
"133" -0.720129656541029 -0.132704805073052 -0.2593614337633 0.0581434374111073 -0.0655878819012725 -0.0847982574826758
"134" 0.112174117232782 0.299374026029082 -0.250986953002177 0.115954808910418 0.0333240642642334 0.0012598019035049
"135" 0.156664839864594 0.266887964465445 -0.129717664107033 0.0158456384221897 0.000945605552053627 -0.0242880688729859
"136" 0.0493472976453287 0.310917602932838 -0.154625540211879 0.013230237154018 -0.0226408104382078 -0.0144808640450716
"137" 0.105781910506279 0.24887890799863 -0.0918252091387616 -0.0831966262999751 0.0512630703480537 -0.0246470940950649
"138" 0.302520562878933 0.258344192898025 0.00412988866052681 -0.112518050474493 0.106983544473185 -0.0610731989385327
"139" 0.516036441119662 0.210588125145596 0.0436596049660776 -0.122713887224293 0.0959150618766997 -0.0400324087269198
"140" 0.504248695086185 0.199731364732722 0.037444965901943 -0.0859220007895218 0.105891355076603 -0.0555153338168749
"141" 0.357314742937403 0.291684911799801 0.0684242112468065 -0.0189129798552631 0.0795049799565702 -0.0458237383474826
"142" 0.388156581127643 0.281903801082389 0.0617061325212641 -0.0250643180357795 0.0766469036476579 -0.023799959149418
"143" 0.205519061478828 0.345454540038888 0.0646707287953565 0.0280940776522391 0.0646761373605809 -0.0215454933199101
"144" -0.109966054863109 0.36383971513808 -0.0110246078691609 0.0819017752949195 -0.0248557629333187 0.0433674583936009
"145" -0.233983949245284 0.316067090044188 -0.140131296848149 0.0198729401703473 -0.0288921416251639 0.0670077451243677
"146" 0.117436368872573 0.276665397768988 -0.109648589869121 -0.0692694799080782 0.0614171122863268 -0.0251078211047658
"147" 0.374701740328456 0.167683828625782 0.188581780194013 0.202410864112098 -0.0576613784904006 -0.119876057059829
"148" -0.113442837373474 -0.00187219680784372 0.105834834617634 0.108911547188968 -0.0143500429442207 -0.080208858434184
"149" -0.49803472195798 -0.260475630013649 -0.226969008671554 0.164717845683831 -0.0515651015101031 -0.0128977800640018
"150" -0.272836924998467 0.392811270850247 -0.259554752834695 0.222072263239033 -0.101486704200124 0.0706376173754622
"151" -0.305769847195948 0.406857478866921 -0.279693261985457 0.165053166585476 -0.0952274512584814 0.0366654735585261
"152" 0.283941127738672 0.205434022113011 -0.140977621171075 -0.0882735562991549 0.0719308832765663 -0.0519837623976264
"153" 0.370285211505301 0.123496337894292 -0.0930378271855813 -0.14729054100637 0.0972605475420685 -0.0793930447365351
"154" 0.36029691534889 0.166125505594989 -0.0322105026612471 -0.10866258166909 0.127358859494114 -0.0777320650622354
"155" 0.308377895941281 0.208730874418732 0.0321555061950711 -0.0549843575124364 0.0935132317197137 -0.0546677574709445
"156" 0.370638249840206 0.22120023526381 0.0604281991309689 -0.0104599919672471 0.102272500752869 -0.0339013820201842
"157" 0.52564883903832 0.124247532231016 0.0864945719579589 -0.0512984449158023 0.135928547735252 -0.0437797295360502
"158" 0.247591143075642 0.291358070761777 0.142722214151267 0.0560743922462432 0.10260650281013 -0.0188848838686706
"159" -0.166078841851473 0.33761181514656 -0.0413410669155268 0.104645067580519 -0.0303095351555647 0.069036735308208
"160" -0.261377446260021 0.276707136273562 -0.21642260028516 -0.0277144989267061 -0.0436555026079613 0.0677083266229428
"161" -0.0645602219421932 0.310405251596765 -0.115767986946038 -0.0313517002426926 0.0306821469310213 -0.0394051830176107
"162" 0.359201540641073 0.121192500294869 0.164372809047803 0.119775855385322 -0.0779665581210508 -0.140800261219415
"163" 0.137336088534286 -0.0803314108527855 0.0972509192473319 0.156377861741733 -0.20343204577622 -0.130578889589034
"164" -0.0823556782242723 -0.294097306054488 -0.179396208168856 0.131857281539964 -0.174980005267169 -0.0878890078831032
"165" -0.474593182482301 0.531061483615946 -0.164069644080433 0.557931815135036 0.030227264572627 -0.0798560032555236
"166" -0.353069392639036 0.592845551982835 0.0276020425423321 0.614037706076408 -0.162646220698261 -0.14261029833341
"167" -0.318035730618717 0.456465072241147 -0.155653575665255 0.098298898769924 0.0329976492396712 -0.0186023729614178
"168" -0.281918983236004 0.382986371144513 -0.162570258946711 0.00380979061948268 0.0491696861157674 -0.0498855431214208
"169" -0.266744245419687 0.408065385494084 -0.12747845837225 0.00713443549913022 0.055504817704337 -0.0370630145248866
"170" -0.105168913876168 0.350099566948531 -0.117511800619237 -0.0143405485103267 0.0363626411604479 -0.0205651076989477
"171" 0.19933638508609 0.245952794392319 -0.0034874350116673 -0.0126664897605905 0.0918939161166061 -0.0631997024150782
"172" 0.451493670420199 0.137302546167065 0.0672024336502542 -0.0494800279543674 0.132125768072298 -0.0402833921304069
"173" 0.183090337080442 0.258078926101032 0.115740197518331 0.0444157579139171 0.0604855842396113 0.00771184766280939
"174" -0.195135069544238 0.253437044187867 -0.0825931689942808 0.0944725878032746 -0.0548599852204015 0.0685407284310237
"175" -0.193496151164198 0.230111004737847 -0.216580680350386 -0.070804532365782 -0.028271168311697 0.0595645839564395
"176" -0.0590686129745119 0.336972833847036 -0.0811631629762611 -0.0256407172149791 0.0440320301912249 0.000575721234112995
"177" 0.187419686023273 0.22611344740167 0.244514775917802 0.153723404152464 -0.0787582303468312 -0.125738371587698
"178" -0.0513626324706109 0.198779308591369 0.296480454938354 0.237110743059409 -0.174672358701246 -0.136020706941351
"179" -0.346011238051332 0.129528234092309 0.101574441925846 0.229288341630492 -0.22730443340702 -0.073224281248478
"180" -0.552729959689531 0.571000152399919 -0.506568401001731 -0.0515102941763579 0.0858723088043838 0.167140645174663
"181" -0.195789744597224 0.446077305363557 -0.000346547408236026 0.467400609874764 -0.0296751476038719 -0.182948551726062
"182" -0.380186751332072 0.336735600880298 -0.282572401397391 -0.0170956717940327 0.00453776977284227 -0.0145931025774729
"183" -0.273844841756291 0.353792350187786 -0.199208950466994 -0.0503877128376363 0.0262469711391802 -0.0206014802423758
"184" -0.0061584194508737 0.282193604760603 -0.113584685784591 -0.0658557873294803 0.0115639632229657 -0.026013295627418
"185" 0.269252452271536 0.190084282748643 -0.0117458550800955 -0.0601085130405072 0.0729817153537836 -0.0492422791471921
"186" 0.223122337740998 0.260744817475916 0.322662254475192 0.280871736422248 -0.00425306298492815 -0.199466528482562
"187" -0.04835454199831 0.298552625765257 0.0607236400458894 0.0774124867780639 0.0135256809535565 0.0339991420991916
"188" -0.368961203370852 0.280227729802608 -0.127520837627486 0.0752515992931359 -0.0913342359820723 0.100165383963156
"189" -0.00240295594149912 0.246639102330986 -0.146857997569489 -0.0639319335534087 0.0100847035627426 0.0301678495936971
"190" 0.286764930470896 0.217003034660546 0.00273671756220002 -0.0356349643076763 0.0783387572327978 -0.0154596906278675
"191" 0.265631603345895 0.119940568742888 0.0839440132183362 0.000197216864694484 0.0649147903742624 0.00553790896511167
"192" 0.253337339629787 0.149440150287285 0.32213392015407 0.299978086078465 -0.204705502091348 -0.219091959908987
"193" -0.273042396163285 0.323416927737956 0.291028661584587 0.351414530751929 -0.24060314437808 -0.183782739524876
"194" -0.535948375405229 0.44634948264872 -0.545981166614038 0.371965522476879 0.209972220385971 -0.0282857793353976
"195" -0.318923495661254 0.409402456712403 -0.182232670124586 0.247326122811655 -0.0239508681675167 -0.177962247129516
"196" -0.111318201330305 0.121865309476604 -0.35425792776517 -0.145412513177393 -0.00105478586637522 -0.0372007113613929
"197" 0.127592130674072 0.135197933518717 -0.182119686535252 -0.113467586648328 0.0539170860645512 -0.0367641362756922
"198" 0.329786901323496 0.132330573725084 -0.0758343136380387 -0.132444765139335 0.0396027032987162 -0.0566118544565863
"199" 0.382105434045082 0.101380809826676 0.00481034534115155 -0.103330470460141 0.0791262436157653 -0.0712963415339797
"200" 0.0647051958851179 0.234577982971052 0.311701154645604 0.2703898204275 -0.0518172343889996 -0.201152047243549
"201" -0.32631887935955 0.318253073300979 -0.0147981537297413 0.0962365413900135 -0.0572375941738186 0.0707078879817218
"202" -0.439167353589024 0.227479112180133 -0.217515460606338 0.0345453723129961 -0.103257840412591 0.094582176844082
"203" -0.0145429397243158 0.244239041282946 -0.124806755621267 -0.0863772138621671 0.105960987402215 0.0215601379295306
"204" 0.335093793917251 0.202474745520255 0.0700123690457599 -0.0156566971849026 0.134912253336465 -0.0489521884187947
"205" 0.263059067404941 0.0796769107906541 0.0656483550376973 -0.0325304767051689 0.0662447269513652 0.00218783538260436
"206" 0.236643002334421 0.108935642478092 0.315488161528892 0.339856406093656 -0.203425935707755 -0.218512856010659
"207" -0.335109415959816 0.300458630599693 0.331481232796698 0.337676895991279 -0.193418019540043 -0.191660365975935
"208" 0.393810971649812 -0.131365132435096 -0.619828921973015 0.394906816371585 0.25130231739997 -0.146889307806747
"209" -0.348581087959555 0.382012349455555 -0.488333645905534 0.387307842836052 -0.0187895299302233 -0.0757449340244503
"210" -0.0262626932200964 0.243673998095418 -0.191022340115821 0.0310622727252678 -0.159527538548933 -0.0980380480461746
"211" 0.300383377957184 0.285075132309898 0.0478604022762305 0.12747438279958 -0.0496324717907053 -0.0832545861173544
"212" 0.256159065908508 0.219261935283117 0.175702667166795 0.0650220287744287 -0.126759592341756 -0.159208717607579
"213" 0.107445797982058 0.163335434975786 0.158234912769304 0.0485274299730103 -0.274233832756427 -0.172780785674951
"214" -0.420975139790965 0.235421110414558 0.060569348260738 0.0412076902571048 -0.00650680068375524 0.022647530451244
"215" -0.77627742177262 0.270923279934939 -0.0664055594339307 0.116320566550318 -0.117123389366626 0.123674672301444
"216" -0.500972088127777 0.233504387178074 -0.13824147060745 0.00237558431849938 -0.0780635016982158 0.102530902029209
"217" -0.121139710268422 0.320149186698567 -0.0678128018696423 -0.0841722350777833 0.0687270134576055 0.0164073889877156
"218" 0.337474397366422 0.183058890306022 0.0268773077338724 -0.0300256225836925 0.106957409016971 -0.0136942383359601
"219" 0.143061583496829 0.107852439077969 0.00238947759640686 0.0128195534593331 0.0222729103997775 0.0404454901834015
"220" 0.328602804653824 0.0671002342322518 0.191497190269632 0.289225629612309 -0.188416587584167 -0.158432350270554
"221" 0.0452254816697924 -0.0120577975787139 0.0677724508761875 0.302640941362117 -0.229178485371931 -0.131473420208751
"222" 0.506784266010856 -0.172704943924951 -0.71983163877897 0.290746750305756 0.116035167942736 -0.143721820056417
"223" 0.386086140449841 -0.0214537259726186 -0.330474927253691 0.00163073776388003 -0.0465237882987674 -0.0905550026666831
"224" 0.565214088277944 0.0959526405785475 0.0142762849157722 0.0498073872848149 -0.0323348669019551 -0.0840152420598928
"225" 0.36642545755886 0.116532997219847 0.19596161485692 0.0353679472670928 -0.113063024960467 -0.156984191478635
"226" 0.134756631804963 0.0165237831384698 0.13408946957304 -0.00914589954386922 -0.277720388777543 -0.159561723252098
"227" -0.33681701474538 -0.00298704255389647 -0.0635700314483557 -0.0500735847593342 -0.010880772643129 0.0237736684702765
"228" -0.44386579943422 -0.0984036788429421 -0.166778788771034 -0.080542677605902 -0.0495014488190514 0.0852094647837818
"229" -0.0976447272740561 0.0747913613033156 -0.123418591314086 -0.134439688471353 -0.00907593228674551 0.0387056084750675
"230" 0.129776543670301 0.288514626987181 0.010495124151323 -0.0774812041403459 0.0731552802234474 -0.00507804496665609
"231" 0.287304631053166 0.210233873989652 0.0820284912836116 0.00572852076653556 0.113607184227908 1.05579996160502e-05
"232" -0.0183735558065978 0.220895572001211 0.0280768631420918 0.0592399849982651 -0.00537548828136614 0.0606621967686058
"233" 0.243883580672843 0.0838236905735672 0.169915401505449 0.251726141164229 -0.212687534289864 -0.135307079488267
"234" 0.209465830516232 -0.24666989090112 -0.640617965651968 0.153894240701719 0.20894629489916 -0.181580787224451
"235" 0.104707160904635 -0.0164850544057444 -0.303351159318939 0.0676953738260347 -0.0395948273313771 -0.115878478122022
"236" 0.476098006635662 0.0413174014696117 0.0279186485941255 0.00322550487356834 -0.0138221672545896 -0.118254941198972
"237" 0.495230458428181 -0.0224182320169092 0.197672762147409 -0.0948947736242852 -0.111588274716485 -0.153661149235106
"238" 0.137652162070771 0.0581084570119848 0.232119586402569 -0.0329320841049702 -0.145184514503309 -0.130000490148882
"239" -0.504312842969418 -0.0823661514821544 -0.0423583393202566 -0.1356282592515 -0.00832299082262221 0.00179421376153066
"240" -0.58451067589246 -0.227284380741696 -0.13071980386521 -0.197907991904119 -0.0113683597926754 0.0346805438859984
"241" -0.334463127778977 0.0022614847951255 -0.190287614502253 -0.122638576914963 -0.00183242407152406 0.00777175488192788
"242" -0.209604040856505 0.285011982375902 -0.0844651694285554 0.00999854035726925 0.0674212598952899 -0.0129281797803212
"243" 0.314597574807665 0.215742949300058 0.0147738308213347 0.025841507219369 0.10778144080064 -0.00766590452201539
"244" 0.0260796605777606 0.272288924558298 0.0274134223831845 0.0849800346785892 0.00384611999860918 0.0761781318313742
"245" 0.0939637880273469 0.089667682147478 0.00608894057876557 0.0125176116508982 0.00302121358443443 0.114933919064138
"246" 0.0669836752228659 -0.118431737743111 0.0520386355927616 0.286833787604102 -0.0652918426742699 -0.0231979338321022
"247" 0.581746819179145 -0.0145937843947981 -0.0175963876283159 -0.0367724996994336 -0.0403082807127259 -0.152724868973931
"248" 0.49428703340125 -0.0475776781042746 0.206379247491194 -0.115868282791246 -0.0971791232602036 -0.170475335622885
"249" 0.141079715216856 0.0196732006609084 0.204453144174978 -0.0458366152510483 -0.160861030164081 -0.13835042331801
"250" -0.334912105564752 -0.159757501399673 -0.0470523362357993 -0.169121021209392 0.0146601233263386 -0.0158594027605922
"251" -0.509357110032606 -0.285884033791326 -0.150575935517915 -0.179273201847502 0.0215122043996477 -0.0165087420399033
"252" -0.500490261708228 -0.283483563669003 -0.136385054842097 -0.173835846813932 0.030313010819799 -0.0181798732099604
"253" -0.514741448734908 -0.0632641079605581 -0.203042045470439 -0.100054468186007 0.0292124010606369 0.00852885051850651
"254" -0.617469809289904 0.348767038506249 -0.149998294675178 0.0320496613500381 0.0367454220142448 0.0204031657828313
"255" -0.0074734910647559 0.391656585014167 -0.00467129839748738 0.0540538722597685 0.123851747507227 0.0268919317705993
"256" 0.0270085248064985 0.292370164869037 0.083149071683883 0.0259047487481121 0.0611928537789795 0.0720090843276106
"257" 0.160043294648258 -0.0293758796892694 0.0277691057821793 -0.0272335727231534 -0.0145846859632931 0.0997758581656998
"258" 0.133532237301347 -0.301089963669394 -0.0284427546920965 0.150700649361414 -0.165803106414371 -0.00790071868226601
"259" 0.333087752573711 -0.108284549614796 -0.0387818836749248 -0.146460173796564 0.203078834336819 -0.11630101252437
"260" 0.452567340938887 0.0257725702039824 0.182879155351154 -0.0498944043736684 -0.150003937996904 -0.187199385648954
"261" 0.275766990680338 0.0400806920700402 0.157504823177825 -0.00761467062579008 -0.20204244237423 -0.154911109206782
"262" -0.38114098133112 -0.00674355564535233 0.166079061896186 0.035128227386406 0.00759665432412033 -0.0113226173409889
"263" -0.616230186492892 -0.1395175437173 0.0372262657620863 0.0633152574532229 0.0222297006965981 -0.0321508538904414
"264" -0.50458917600173 -0.255653498713309 -0.252714992278871 -0.117252716836809 0.00396253147328368 0.00349071625098003
"265" -0.717076409117004 0.20882852041295 -0.108594052449696 -0.00106383525231332 -0.0538827813715387 0.0648151742143913
"266" 0.0257020563610289 0.222930611047453 -0.0220788384105533 -0.00998918360118428 0.0806515857401113 0.0591758749756719
"267" 0.0809942250560747 0.145143965963293 0.123845420180497 -0.0368781739341661 0.124622479148476 0.0750279884493533
"268" -0.075443898490347 0.0551756011235995 0.421386570295367 0.293520107829083 -0.0505278841641222 -0.0352756541051385
"269" -0.138611162259082 -0.106338751587652 0.280652456110746 0.242139198619463 -0.0969549041758658 -0.0315944009978579
"270" -1.0750722977604 -0.206516877527913 -0.230361683395309 -0.0659947994986843 -0.167684268537797 -0.199113715827743
"271" 0.196495644029746 0.192054638058875 0.139556996931531 0.0781011198535986 -0.187441416824593 -0.16836069709215
"272" 0.349093167289221 0.0438798208316795 0.142759013040947 -0.0302897011470496 -0.19826322186163 -0.157198189979511
"273" -0.246418177919237 -0.0332096272657047 0.202783934096718 0.00278864774054641 0.0267751766825006 -0.0210635505353272
"274" -0.567983350334906 -0.148201011179683 0.0978817399756231 0.0468660860404575 0.0432795056468933 -0.0270192547897036
"275" -0.555203125177863 -0.335502492918158 -0.247162591212617 -0.118531897168703 0.0354744209789134 -0.00572842580108982
"276" -0.721121876238907 0.0108636032448314 -0.0736555684332504 -0.032951683315008 -0.0323168876067576 0.0675641595319644
"277" 0.0341322720365705 0.0413535367320537 0.068970460999123 -0.0344283651348637 0.0130185620265286 0.0774631249343255
"278" 0.0226773450698936 -0.0136468738432988 0.151119648704723 -0.059786685210518 0.0781826479790802 0.0794085924580512
"279" -0.259321571024818 0.0601373137380025 0.465881803499677 0.276942729690913 0.0826750921145427 0.00321474008036846
"280" -0.241963270134227 -0.0655058101288664 0.29448477105796 0.22104242237723 0.00245569075696942 -0.0178698917393902
"281" -1.13084601998164 -0.10041297372126 -0.10700466317669 -0.0118039982014533 -0.071874790972354 -0.191089133262001
"282" 0.265900213408914 0.185921846198128 -0.15268356082668 0.0710251092089472 -0.0877263708429051 -0.145857462609332
"283" 0.332511803801601 0.136555057739459 0.0991834497072956 -0.0285392437134663 -0.110925748164866 -0.124433958200367
"284" 0.0903750514994925 -0.129596426499623 0.224588170375989 -0.0769898283639373 -0.173297223858352 -0.105423651335844
"285" -0.114740157430749 -0.241197211865262 0.201065124977904 -0.0326060261514299 -0.1599156852705 -0.0924551954872668
"286" -0.41051356829671 -0.419494543012523 -0.0781855114329286 -0.218841645940722 0.0972835329439894 0.0100627504467021
"287" -0.798248417499278 -0.106569610206497 0.105516707791461 -0.155184509695725 0.136351916164835 0.0877397221300231
"288" -0.452782232728907 0.0642044601593711 0.244739156441539 0.15777038479757 -0.123857335090284 -0.0167376758584293
"289" -0.383021490365275 0.0462874632498445 0.284250095264594 0.194000977190113 -0.0727638810165208 0.0132465824202225
"290" -0.496090007310914 0.0505979184164609 0.485604342740266 0.211862292508357 0.0871353755417343 0.0290079375647962
"291" -0.433696397226012 -0.063881727874047 0.350140116254344 0.152122519272691 0.121329320581663 0.0319385622326733
"292" -1.18438227953772 -0.179437617866848 -0.0541340677265757 0.020944714135396 -0.0504505178565771 -0.154330946315931
"293" 0.258023620168777 0.17018987222441 0.155742150064854 0.0142735035453256 -0.0996223354890784 -0.124563015953898
"294" 0.124120639104503 -0.0675762569521949 0.353563198652694 -0.0206937082811164 -0.159264634295363 -0.0846346442581786
"295" 0.0742249262579899 -0.193796724507845 0.36272121389247 -0.0439538475071795 -0.156707562801085 -0.0583632693503334
"296" -0.132683233977576 -0.422615407407324 0.0684693493993611 -0.221777607525802 0.092147727690244 0.0211308298718715
"297" -0.579664495583848 -0.282986521972299 0.167229774272003 -0.175961442231269 0.190622179866791 0.0624912460645967
"298" -0.233248485715546 -0.270184331448764 0.218930087735014 0.0880550374718779 0.00580160521376375 -0.0394639008362233
"299" -0.181504018425923 -0.222686320501444 0.225013506485907 0.0598860848823727 0.0323539451495105 -0.0246482994387351
"300" -0.318570375123162 -0.160022423405589 0.419938809560738 0.0789248451565785 0.176186718186089 0.0171538917067279
"301" -0.238802743855983 -0.252176782050825 0.274078583124134 0.0906181808547677 0.0933932428058058 -0.0259144138095804
"302" -0.955407890235317 -0.337986230336007 -0.0880276125049701 -0.0802842447965433 -0.0571771686011015 -0.195011002279564
"303" 0.216375617213194 0.0288861977791363 0.167515737846396 -0.122623901730867 -0.116680158189263 -0.0184529584262761
"304" 0.39073615047566 -0.10846368124361 0.291578536971435 -0.0338981537987848 -0.162205357164025 -0.150420537402944
"305" 0.249030219465666 -0.197610868925981 0.445953526599785 0.0599301150135984 -0.169045842233971 -0.0946323841930415
"306" 0.111136610435778 -0.510024051505798 0.328060201240741 -0.0289544211634797 -0.128310284800218 -0.133682901480367
"307" -0.177016930753435 -0.528896573630147 0.23891888893214 -0.0382477091087002 -0.136840444388269 -0.113456208111595
"308" -0.319228714391925 -0.39624776891089 0.303740816685528 0.110407634949555 0.0666173967782599 0.0532510490838234
"309" -0.360259823474727 -0.390107709295273 0.344208615901341 0.0275027030661045 0.140421871202335 0.0206729328065014
"310" -0.588828972312596 -0.197247586524431 0.411838947806267 -0.0342312545905809 0.18881503750274 -0.00879162062801559
"311" -0.470962873331282 -0.266643922059046 0.25061364632185 -0.0483099350443352 0.122123604487856 -0.0363340298521894
"312" -0.983766793049264 -0.355271498575234 -0.128116717735856 -0.0871059667707821 -0.146083998422714 -0.220368905134103
"313" 0.119757694990512 -0.0280321132036332 0.102953111046107 -0.130216601661007 -0.105042571733753 -0.0392321090297074
"314" 0.308382623807962 -0.0820756919679867 0.238780125652072 -0.0248403382693926 -0.142411268491318 -0.180617881126002
"315" 0.0211068033549581 0.0133287516342457 0.438835411764064 0.157797001599065 -0.195761901961733 -0.114454353461227
"316" -0.0929303901844792 -0.239701343812354 0.428985495521194 0.210718696867891 -0.233915671591943 -0.0867603901030376
"317" -0.0349512275865699 -0.396222319307262 0.34707510674766 0.0218010176387769 -0.13167193609739 -0.0733004809530125
"318" -0.248955792051153 -0.35223035870972 0.294149265843269 0.0427923979309245 0.0610809018637176 0.0782777124223002
"319" -0.205201905817704 -0.469735151861305 0.289182622682708 0.0405061136970214 0.042435067129076 0.0161271103019839
"320" -0.361305225471809 -0.276562788030757 0.40938182646406 0.0289783208920385 0.115091893021005 -0.0118629487728405
"321" -0.210433960925977 -0.380444374954241 0.230818965501281 -0.0873942929828122 0.0903966443261956 -0.062050719905521
"322" -0.875330544742237 -0.427338143035013 -0.109715840801147 -0.12222250405281 -0.136363025341281 -0.233319138450114
"323" 0.231921654455823 -0.140062401878387 0.0164878771585653 -0.155007108437365 0.101817937008244 -0.0474209455942177
"324" -0.0943415987323595 0.0989185195118305 0.192358997731679 -0.00186917544082498 0.0364230309433708 0.0355628520937192
"325" -0.205746958849112 0.0719910790499387 0.575989001868431 0.216802641094926 0.0291628900634279 0.0191426793185763
"326" 0.335753449082199 -0.423956280727872 0.403525405726456 0.0193952270084031 -0.0544683014600534 -0.0913107298179015
"327" -0.333039218288872 -0.361403892578203 0.38024908519332 -0.0556192619018484 0.157784090881921 0.0492908844721205
"328" -0.375312832919856 -0.403572819012462 0.340625149361433 0.131194837529069 0.0433366689844488 -0.00296670612174324
"329" -0.192858728128709 -0.28856006505434 0.361803795504465 0.0692809302871593 -0.0607476128102698 -0.0324055087128757
"330" 0.0745410154939983 -0.42261116348278 0.19350106373956 -0.069031286778522 -0.122573586086066 -0.110272875285413
"331" -0.512312730538494 -0.242712987820816 0.00608893254662076 -0.0523474310237555 -0.0787444194642155 -0.0877207294660315
"332" 0.0898988476896607 -0.207812797835465 -0.0711392368916611 -0.170494849652184 0.0891874953381859 -0.0468836823670796
"333" -0.0476328147819398 0.0286727553182405 0.146230280953255 -0.0988960418644771 0.0490787997285071 0.030860668900471
"334" -0.558347643738449 0.293540267983413 0.701062472639574 -0.106596248809053 0.228058115168778 -0.0761916670405563
"335" 0.0158530970008204 -0.363914736160157 0.343186624829019 -0.133553788344607 -0.0957995033803401 -0.159112875582113
"336" -0.443493487850728 -0.433977925191126 0.297988932206287 0.12022772520075 0.0297488590582253 0.0611854424365406
"337" -0.589423983848883 -0.242879687260351 0.314371460451536 0.195567107329451 0.155496455565652 0.0919874478528928
"338" -0.640540265533111 0.0996711606566248 0.436835819045924 -0.0442742616831827 0.0978708371901596 0.0708119079370819
"339" -0.225236895761455 -0.276608257360797 0.121053699630255 -0.189249653144471 -0.175306183026223 -0.0215132671254175
"340" -0.541340920909475 -0.146132012801094 -0.00470445599946878 -0.0461080942312806 -0.117198506360062 -0.0720328170008631
"341" 0.309657112378431 -0.164306797971541 0.220271554767749 -0.117375280087699 -0.236278703902838 0.00567599360008316
"342" 0.0522178423592422 0.0263065481112878 0.417168004117242 0.143570035781069 -0.0609155736912017 -0.10800875623407
"343" -0.14033278149893 -0.108005255674625 0.0467057166022295 0.147130682827723 -0.0605724998573393 -0.0564505510270645
"344" 0.0757542430818591 -0.488520649060183 -0.214713729754326 0.196374000391531 -0.112165864825944 0.0741358078940068
"345" -0.135284704914201 -0.256588334997939 -0.0130527674222727 0.170591807257342 0.184741041566467 0.179777861190661
"346" -0.689305992689692 0.376021778412246 0.60339397416905 0.0853581867501292 0.361474804639277 0.042224764026748
"347" -0.349725799343895 -0.100532848367952 0.0398324488808266 -0.108104493738399 -0.0171586915448767 -0.054066801890059
"348" -0.113136761094825 -0.125894354774752 -0.0614573170032121 0.0156912858106844 -0.11197459408 -0.127085228769904
"349" -0.111013211619878 0.027202602796932 -0.042714898905746 0.154142408344692 -0.0579860286660506 -0.133808339901174
"350" 0.29709031007451 -0.262575394239155 0.137196265101434 -0.154209388105237 -0.224717367920558 0.0678341254069825
"351" 0.552950792771238 -0.408686742465294 0.0476709515294767 0.182273848926473 -0.132954592306407 -0.0676611310960351
"352" 0.0999535981498292 -0.126391090844986 -0.203078431928291 0.414028956499609 -0.0533095847863924 -0.00234196086181125
"353" -0.216515730079611 -0.18753386016474 -0.134550915639235 0.2667425246784 0.144980125656977 0.0974133449523063
"354" -0.416075962801801 -0.260390283807543 0.00240024472360372 -0.0495135719430515 0.155972742014752 0.0725996121641521
"355" -0.482240949623463 -0.0491325936242319 0.33239969844119 0.0831791951522034 0.150319403808511 -0.0516424726302827
"356" -0.150895901709095 -0.105166066826509 0.0663023115401136 0.154244082496493 0.129167415115998 -0.0905342850483024
"357" -0.0186285133094302 -0.0847419119339265 -0.0878701130748148 0.0612899067529703 -0.0588455872910812 -0.151122886240519
"358" -0.0266882778047728 0.0863452783076331 0.0404936166265028 0.12774894670323 -0.0350137882900196 -0.142715323501936
"359" 0.710061339558127 -0.641292009985329 -0.169434499730033 -0.0393623782736393 -0.332422381851604 0.0366102877051991
"360" 0.447223125312605 -0.506960599597563 -0.323598547589549 0.187553688960825 -0.309409924789514 0.0719029422343603
"361" -0.0326947329726343 -0.0742034434881278 -0.0396116405170218 0.504006749921097 0.16542818831748 0.163085845463886
"362" -0.0205664214251252 -0.320240036644255 -0.000458887027151415 0.221045244566254 0.0929456034349437 0.0315781158395503
"363" -0.0511175526939103 -0.420866431174637 -0.25301676697172 0.129185304778571 -0.0577686453358902 0.0218284305906655
"364" 0.254403279779786 -0.352498436243168 -0.133091976383091 0.201950558800587 0.0918526472926303 0.0145638451672997
"365" 0.33310469349677 -0.374261044841673 -0.017367516624885 -0.0607489008815114 -0.209053757172096 -0.146693607679691
"366" 0.342240801670227 -0.215116896530053 0.0231905070618876 -0.0707002472220838 -0.220639114818179 -0.169410656857124
"367" -0.927754780419867 0.104191251755442 -0.246245294077314 0.0146365066853477 -0.13530203789287 -0.37242997080922
"368" 0.617981087542514 -0.547191254888137 -0.225508979672488 -0.0962394550925067 -0.318036449123461 0.0144966441840315
"369" 0.44959586794636 -0.524637396166171 -0.167969273068142 0.0271301452637845 -0.336965415657045 0.0450849553843157
"370" -0.0405523436673253 -0.352940293063828 -0.19472209158567 0.213274796640927 -0.10213239536745 0.157715353097722
"371" 0.323375818436789 -0.605198325764958 -0.337778724478816 0.276098642183865 -0.201967019563747 0.0903462791951828
"372" 0.193586778306068 -0.385085519880062 -0.21675342323105 0.173395241764077 -0.0201357905525661 0.027256287424184
"373" 0.166380170966979 -0.372007563558102 0.108368245122252 0.152338106745366 0.0468110110497234 0.00756499776499201
"374" 0.146753318140373 -0.342794247651773 0.237016731022641 -0.0268084716397583 -0.231412879969953 -0.0694578510067061
"375" 0.281193150401492 -0.247327551598921 0.132923163118005 -0.0143514403033921 -0.253483716820594 -0.118915825667766
"376" 0.180086856001445 -0.285305974398561 -0.220947864913249 -0.0716840596238954 -0.210906536294382 -0.226155329856753
"377" -0.20651369891748 -0.216267796948384 -0.32631734383955 0.0356858880584498 -0.19756701841113 -0.211416866465384
"378" -0.306869220164978 -0.0547206551413172 -0.133467397565618 0.232628292069045 0.0828193533391183 -0.220623290143911
"379" -0.558614512958184 0.274827137676938 -0.0391493418975493 0.47145648046198 -0.0190083176968146 -0.146804168649604
"380" 0.237010707889632 -0.287885937108367 -0.00540342455456647 -0.154154902894143 -0.241046749668383 0.0571899166559269
"381" 0.130897333560235 -0.365216479494942 0.235841219616364 -0.114669674553278 -0.247639147911139 0.0755212665456562
"382" 0.0519372935562248 -0.22431414106838 -0.0662182680611103 0.230544824033817 -0.0726170257518096 0.0716064328983442
"383" 0.301771521546607 -0.271281632195366 -0.448622559528239 0.234460282099715 -0.227085614749909 0.11527041713117
"384" -0.062287141678859 -0.186558953454238 0.170917461309517 0.132614603966911 0.147777301678074 0.0719447564562617
"385" 0.00557772536787675 -0.289316306431091 0.421210280735941 0.0996089690653841 0.100624901690181 0.0480055795044882
"386" 0.0609789707454256 -0.239844247041226 0.488035566760586 0.0264093388319902 -0.0724660885748912 -0.0789711878959281
"387" 0.257804405984069 -0.168029409101734 0.296619435593063 0.0220207649550097 -0.123125535793557 -0.131577961434211
"388" 0.490885839219567 -0.40645311072157 -0.211880948185837 -0.155520665311326 -0.288549337795052 -0.203212518020739
"389" 0.178563067102518 -0.386200805074815 -0.115365683073662 -0.0415797032690479 -0.287336657124049 -0.165012328298382
"390" -0.0713503133452978 -0.416516660285968 -0.0793346519404731 0.0536970803660766 -0.460694366848214 -0.232274550656534
"391" 0.69223544519135 -0.338673726818462 -0.206711232437371 0.281334890569825 -0.0466787565824267 0.00465476971827539
"392" 0.272837030530417 -0.146697733806235 -0.328786001976767 0.223783241165116 -0.0439237786363938 -0.0342949637927972
"393" -0.270345703657626 -0.21403040377694 0.140031197352571 -0.00400241786916246 -0.00967628387430564 0.00466812812893113
"394" -0.0592768384253739 -0.189738216444603 0.536002448104719 0.181369434146061 0.126010784419821 0.0185329834952173
"395" -0.0565308841503813 -0.193237449871336 0.532741136250737 0.180031959695619 0.123339182767632 0.0183679882972391
"396" 0.0653345809627831 -0.151365990824998 0.551220552765718 0.0733807550414324 -0.0342436186607772 -0.115444355339257
"397" 0.0862818820172102 -0.0533754148855594 0.417850979882776 0.202601091549721 -0.0911695210018493 -0.107026945795382
"398" 0.492532687692343 -0.202392532993461 0.075188386457174 -0.0833456509578652 0.113585143198065 0.0325848670113404
"399" 0.167483689394335 -0.178859898831264 0.110072958380683 -0.0213888930973206 0.0409342316390255 0.0722115900306326
"400" 0.727028947478501 -0.354138835129985 -0.174133854406517 0.0461285795991883 -0.118741837444883 0.0310118515386661
"401" 0.204045811742988 -0.0764391802735473 0.0982007938562624 0.161844558096409 0.056331439484397 -0.0172756303266531
"402" -0.216226065057075 0.113927086072938 0.193088066280957 0.193352917542625 0.278302140962463 -0.0986138066557845
"403" 0.171980641122528 -0.0376646616670019 0.359533239741895 0.322923692413516 0.145759618508773 -0.0926371228939401
"404" 0.468744267571182 -0.271512886457939 0.390130546873898 0.0191296556444819 0.0382253794096069 -0.215366152876762
"405" 0.277896247858624 -0.188960929114493 0.263481981420036 0.267555525045952 -0.194465396171189 -0.169886590007188
"406" -0.268128413985752 -0.169156559909602 -0.00745774460802003 0.36647594634502 0.103581521967586 -0.0671806482484879
"407" -0.0271436286390205 -0.218010327296159 -0.158493069824568 0.0484334074672036 0.0376437069989379 0.0730547808171901
"408" 0.676101666240299 -0.308750641294763 -0.14308118244818 0.14977224992477 -0.118677527516803 0.0350598685213997
"409" 0.545716669293516 -0.359119465119122 -0.225298073934109 0.231089924292154 -0.0486462192052768 -0.0441717611249316
"410" 0.24924981423004 0.00326859987985699 0.29863584954928 0.374150500796219 0.0887169616942264 0.00801413597742304
"411" 0.277512511453039 -0.0536705671798896 0.424669977989012 0.173499373925845 -0.0676186957476208 -0.178837006634176
"412" -0.151974453122803 0.00469417269154056 0.235538835266845 0.166750177737449 -0.171874223929593 -0.0904786549932532
"413" 0.076943771099685 -0.421032725543586 -0.292625180249466 0.0795877117378651 0.332114190767146 -0.161669050228914
"414" 0.330251994131135 -0.280776386038408 0.124993623531259 -0.0749142230528654 -0.159226025252459 0.103272281341446
"415" 0.61391793099093 -0.363525008359083 0.176508826763015 0.137606200575736 -0.0534271589829867 -0.0932487381315575
"416" 0.403622363512867 -0.249217535622686 0.222311615608379 0.153490267794097 -0.363579020240518 -0.118548817274212
"417" 0.0620252429181764 0.183872210663403 0.276204114471992 0.381016949803733 -0.139173142214747 -0.0296037432097764
"418" 0.149085492012947 -0.251549780772302 -0.211362874324071 -0.0269635052328607 0.124771086148208 -0.0367944819375794
"419" 0.312012917820651 -0.060388688493425 0.365986954448426 0.194167820018967 -0.0084147757127033 -0.102461475837675
"420" 0.0435408301740425 -0.00203689964839906 0.345640711244557 0.194385619813128 -0.397305500423118 -0.128283739586405
"421" -0.318879911960991 0.0465814217481394 -0.041793636350752 0.0465102203276795 -0.083664002777683 -0.0208063430443081
"422" 0.334267192646923 -0.00667767370395829 0.219173377836068 0.220669804040282 0.0335851318432606 -0.0598776026043897
"423" 0.032478037891768 -0.0407728980375587 0.141549011196959 0.254763988382157 -0.070628072081471 0.210872382258614
"424" -0.15007210695573 -0.230206311342263 -0.377804918259514 -0.121965909835263 -0.0359602337107179 0.310435348115481
