"X1" "X2" "X3" "X4" "X5" "X6"
"1" -0.476060767027347 0.198133753269432 -0.542954490101376 -0.141285444947951 -0.023995855980843 -0.0827189127324212
"2" 0.316583256365618 0.00992545534484915 -0.0186688032620239 0.0475257695014057 -0.170037646064314 -0.0175717213956188
"3" 0.227048326502599 0.293411809303398 -0.231233812973648 0.00211595228887603 -0.157881661407424 -0.0270570909259124
"4" -0.433375418970862 -0.117606650144118 -0.0983826840340338 0.147724894089053 -0.110221095581246 0.131798841128128
"5" 0.120730405058367 -0.0596423048371578 0.0147026456492649 -0.00807932339240913 -0.20097098828638 -0.0370353401493739
"6" 0.423974390986489 -0.145261453981948 0.0998890481322493 -0.0537640575561863 -0.131994626554247 -0.197483389785818
"7" 0.607147030365618 0.0977061702666887 -0.0387280069339348 0.134842958283997 -0.168841182455443 -0.0458703972389639
"8" -0.415292121603746 -0.196756235825476 0.0653566913505136 0.11436390984641 -0.169311264399767 0.174418511292591
"9" -0.153578871634565 -0.189487136385421 0.020426685283969 -0.0474901303181934 -0.160336886679369 0.067768126484348
"10" 0.232481352374612 -0.258327577597051 -0.0584633306556046 0.097822144681305 0.100837407367968 0.0768764772907825
"11" 0.424711574470486 -0.106193516160058 0.0721669911541029 -0.0546754811833397 -0.127820934711637 -0.163510589321984
"12" 0.633104839591145 -0.0292713351459397 0.034467651614681 0.0853094523132038 -0.121544214352655 -0.0678276054357613
"13" 0.436751091310541 0.435394655310957 -0.197763144125591 -0.0472253769119215 -0.298115978394039 0.027620196789346
"14" 0.236571184234259 -0.264360662174544 0.150788842690914 0.140446557288502 -0.123247006433147 0.115632783464156
"15" 0.327615981352181 -0.0138174907329462 0.167774550823353 0.0752214620045644 -0.21360928163255 -0.0581234035433057
"16" 0.162890092699764 -0.0903760366020096 0.0588768694446792 -0.0220351652790814 -0.209625804540008 -0.0660110931480927
"17" 0.127809359136297 -0.183171826535087 -0.079367307516015 -0.00911374334093932 -0.184347197567398 -0.0516154733482861
"18" 0.264662551113229 -0.185470520402161 -0.0380849595105628 -0.00285408668860096 -0.157724696115653 -0.101064265615422
"19" 0.377598048699676 -0.315295217969534 -0.0894839730787863 0.0514329835276171 0.117513186074291 0.0260244796360237
"20" 0.463589005003475 -0.0365503903333324 -0.186697819216507 0.0520251333358409 -0.101002264039107 0.0942500762075185
"21" 0.257679703385091 -0.204263644092911 0.0488807271191655 0.151798462450394 -0.111495415464936 0.101732081024776
"22" 0.491863020135935 -0.049394259309445 0.0365001798206221 0.0705813098242859 -0.158467490728766 -0.123027568844755
"23" 0.544560958569171 -0.232776948183308 0.0699279553008847 0.0431614301642062 0.154971250740184 -0.00560675911864037
"24" 0.249597514536454 -0.171303723459435 0.0211089735273562 -0.0413875665404992 -0.172827566027828 -0.0744819097041735
"25" 0.208660357495637 -0.234186375430193 -0.0503531880045457 0.0105711616942365 -0.160556462979099 -0.0641407609853308
"26" 0.262587200048812 -0.22995038688087 -0.0811727869557016 0.00217269809606981 -0.178171487246988 -0.0516942139417651
"27" 0.207857744422845 -0.251476442448446 -0.142850042701714 -0.0426914008125984 -0.179790971665708 -0.0349414570292782
"28" 0.40700673660547 -0.24210558632037 -0.127499243756912 0.105528234212852 0.0800316558657661 0.089250245553409
"29" 0.326868088763301 0.53040818980199 -0.187037192720313 0.106636494113072 -0.432024504544927 0.0985630175416966
"30" 0.0605724418873037 -0.241727142573622 0.238149822514559 0.221708078818269 -0.14204899050695 0.259499426287236
"31" 0.305484780375613 -0.179462218601418 0.133065122112139 0.147050285374951 -0.142832260846344 0.084798598152945
"32" 0.271249924971604 -0.145043068593538 -0.0961729294181357 0.0330149976093859 -0.153895599054827 -0.0597943792390839
"33" 0.426256772056057 -0.244810821957589 -0.204453721759615 0.0388907015421652 -0.0476254596721918 0.0287140043483014
"34" 0.502025160736081 -0.270597336590987 -0.0794092923114387 0.0136217440573634 -0.0298739198996635 0.0299984730981995
"35" 0.310465181556502 -0.213172045005413 0.0116332401860981 -0.0554973371251662 -0.173629222650839 -0.0695931996178164
"36" 0.435670841868739 -0.26719658905842 -0.0987899051428791 0.0987889015521836 -0.0791394061505513 0.0713831804042453
"37" 0.332793723417088 -0.207606675752173 -0.0173554160772846 0.00700835437924499 -0.174739784842159 -0.0603715081880745
"38" 0.260686665832074 -0.215648921803214 -0.0609448411644923 -0.00367034324605272 -0.168262640522235 -0.0485870436053721
"39" 0.428917619191264 -0.0864822101640873 -0.0230121761837221 -0.00282659539239178 -0.197778039884134 -0.0808875918521194
"40" 0.561684358686539 0.0415965072814534 -0.097616194418386 0.0984518275076607 -0.1732795726619 0.122505689081176
"41" 0.367195474132754 -0.359109909073132 -0.0369510981503297 -0.0379077076680278 0.154967449675033 -0.0102556420766742
"42" 0.284891978435509 -0.188976172519452 -0.0673469110699621 -0.00229774380298275 -0.162628035708503 -0.0224706160023286
"43" 0.287796892511287 -0.179628741480056 -0.0691988446758569 0.00574009711749647 -0.174548455627442 -0.0244949183483833
"44" 0.0140208011809583 -0.351561102050902 -0.272419920460311 -0.0763507501120163 -0.147287135985744 -0.000989580961214431
"45" 0.227458083933807 -0.364384797479246 -0.238309116220402 -0.0629850227058073 -0.0933756273350473 -0.0106204696169662
"46" 0.443545737564056 -0.342348221437855 -0.128227921134218 -0.00189795970130089 0.110133696525211 0.0697970223110782
"47" 0.270232512019915 -0.252049559809562 -0.0699548391167267 -0.0412220069399264 -0.112231967024767 -0.0697797488041172
"48" 0.377801324088005 -0.297680793637222 -0.0374387513440897 0.00339331529846409 -0.0992801773807959 -0.073487305609851
"49" 0.510993126415488 -0.300121443208365 0.009308577091643 0.116546573243311 0.118647434410624 0.0443986136465032
"50" 0.381789546134237 -0.143942399010032 0.0318225198870169 0.0391667357532857 -0.164291391417434 -0.0651928564356752
"51" 0.510866213081173 -0.0336606563225649 0.0733373809720366 0.0188088641830933 -0.196848206298353 -0.117704900759719
"52" 0.555979345970065 0.0651011536832622 0.0128450804498417 -0.00958482890115668 -0.332530042888947 -0.0707169529899962
"53" 0.437284852576318 0.574654701046572 -0.275074169365973 0.133079163281084 -0.585000542262734 0.103739001371061
"54" -0.036663644102335 -0.174858365552506 -0.216535872026893 0.166604353574555 0.0818649594171293 -0.0636117108274157
"55" 0.365526916524471 -0.316738827947124 -0.0188069567406162 -0.0114217618130205 0.149446673519865 -0.0887622480346562
"56" 0.26343508737287 -0.282396485438611 -0.12168749288865 -0.0835319312947942 -0.163297066112782 -0.00608124965055346
"57" 0.0374104991491816 -0.369912837444784 -0.298899169185559 -0.0599176257792386 -0.176616180198401 0.0640502427911101
"58" 0.278565068416098 -0.357942316135078 -0.200981645186562 -0.0533524773649782 -0.126973685436671 -0.000450538389470002
"59" 0.185880832782315 -0.443335514534129 -0.128417559040736 -0.115889154225084 0.053178566877253 0.000449313212693885
"60" 0.14902066577504 -0.23889414268595 -0.170300340966086 0.195796244621011 0.121592883449699 -0.0535049190390354
"61" 0.384760105291795 -0.413497936256279 0.0134508988876704 0.0794230615735132 0.183434300049998 -0.0465223826352151
"62" 0.642255796197757 -0.246947532703142 0.0476917541267836 0.136795649280983 0.139465144186814 0.000882473886713925
"63" 0.519092319731213 -0.202881122587346 0.181071398870729 0.0424919359843328 0.0986360876765213 -0.107107623121707
"64" 0.579668747129416 -0.0890515926870374 0.187261425842119 0.022351532009072 -0.10999147166575 -0.165796476115461
"65" 0.514264628962511 -0.147519713205793 0.123953505392962 -0.0205918941532799 -0.191124608834338 -0.127588375405042
"66" 0.203841589424383 -0.0916786334859477 -0.0974973909746716 -0.0280981352640169 -0.288213322479776 0.0262581478616421
"67" -0.332638085681567 0.53578740123509 -0.150185223106355 0.170151825814974 -0.0140320610830139 0.0276690978058382
"68" -0.619402525775268 -0.228222009641777 -0.463993146383968 0.137875453474198 0.0278153708256784 -0.114151097995956
"69" -0.363684418000036 -0.22089160787338 -0.400207144065781 0.204224483963401 0.0620100859624778 -0.0864617032482721
"70" 0.191186105036497 -0.357205761529611 -0.114392837474806 -0.0243403689975413 0.0682229528144363 -0.059359876624151
"71" 0.308595389135347 -0.224136183168731 -0.0861370803802933 -0.0690065788153465 -0.185770498302697 -0.0492710243817031
"72" 0.133354434160716 -0.312290987965169 -0.233278177415646 -0.0265311106120469 -0.212508342313848 0.0352899173298185
"73" 0.177450202242846 -0.356498111212458 -0.216455976662267 -0.0695684918277068 -0.154945255129632 -0.00212177607548501
"74" -0.0562596182700278 -0.334971954787739 -0.281334495294622 0.0832671146277768 0.0764835400428928 -0.0112263592213661
"75" 0.10023314727094 -0.392650114858443 -0.182453117324334 0.13923471154493 0.145621897582672 0.0348567389754484
"76" 0.502193249797489 -0.342243449800511 -0.0537816467413517 0.0928431484409298 0.15125122760158 -0.0116707505902608
"77" 0.54845673040747 -0.326735730660175 0.134086206838514 0.0632972444140406 0.16628805168643 -0.0866011348768675
"78" 0.648544016877663 -0.0129901850229114 0.148795477093071 0.0975424405066828 -0.16490736898342 -0.174418372354305
"79" 0.592016558706858 -0.0657081249261657 0.179350079414559 0.00969598609634912 -0.155235918420784 -0.171809344772741
"80" 0.405225864779042 -0.283840619367896 0.0541489002040498 -0.0746524048358642 -0.147906272029659 -0.100904715968411
"81" 0.0979451846932967 -0.185966734801405 -0.0306885847411241 0.0782503525082043 0.0489651199357706 0.0242923404789509
"82" -0.366272700610194 0.174322233442511 0.0781782511545821 0.165988320741767 0.00182859452531577 0.0497755842137729
"83" -0.657323136617831 0.989764370346048 -0.336166177025382 0.245599674154962 -0.0617075545086486 0.0222171869226975
"84" -0.370852747480419 -0.413112362407686 -0.44810264914092 0.0371111847538828 0.0753221063421683 -0.0975089138285662
"85" -0.538437678863864 -0.423755107260963 -0.573335924271962 -0.0121746832324327 -0.157798540054969 -0.0943979944621323
"86" -0.0761077325930247 -0.299473352458389 -0.32966596873686 0.165255759593789 0.0753707352942661 -0.0288608732358619
"87" 0.179603691192457 -0.3787303504694 -0.131907090896166 0.0164475359921286 0.0814031732757827 -0.0568846942155058
"88" 0.239229379672012 -0.313044502281523 -0.114712969508336 -0.0652417659469923 -0.16591277182065 -0.0165269897198231
"89" 0.149841543208328 -0.280962884933557 -0.243782429701566 -0.00725645856209755 -0.215266352317495 0.0200075436911491
"90" -0.00241796331805389 -0.375825261736921 -0.332215913141073 -0.0870803389719616 -0.17829969005031 0.0311845387419598
"91" -0.149939571610029 -0.350664408623528 -0.344655168209391 0.116085672414817 0.0886988185052373 0.00585290875290618
"92" 0.225689879696421 -0.422571541770865 -0.120479575209425 0.0824720430734844 0.157071750813975 0.0433025818091321
"93" 0.487475225090061 -0.372347480674234 0.0373483743321219 0.0700727204245841 0.193478404554352 -0.041821439609009
"94" 0.558389646390339 -0.334867988322689 0.146904908103873 0.0637768127827124 0.193154841306359 -0.0986803665448536
"95" 0.635765626068483 -0.0302992371027896 0.122347003512423 0.0508736480451974 -0.180357988573227 -0.164065857093455
"96" 0.470725747277648 -0.165512456795755 0.0709370030016247 -0.0735008885579995 -0.174202844412773 -0.118384890607679
"97" 0.302574891055467 -0.291809404985239 -0.0712370841437348 -0.100717337436083 -0.202015223740812 -0.0558017236794872
"98" 0.236668432673487 -0.071254829406186 -0.0893133228764742 -0.0209349787584182 -0.373122932106827 -0.0410074307211929
"99" -0.0204520001882154 0.00629472370699558 0.00133636308345983 -0.0277155376969958 -0.47687371870108 0.02730589467084
"100" -0.786219422180649 0.449998376077836 -0.192933290177771 0.222048254360167 -0.0634232532417388 -0.00819812360079226
"101" -0.166867970301651 -0.369672389430495 -0.51438046475733 -0.0721631850445584 -0.0467030993124516 -0.172803079756773
"102" -0.0789955192629659 -0.420815321237298 -0.427355978471545 -0.0244597283126373 -0.126414874640908 -0.0508481573780799
"103" 0.145951137982266 -0.400592528810381 -0.19681440969463 -0.0235782075407621 0.0537495058587678 -0.0515293106634184
"104" 0.000705442744622477 -0.451589938172233 -0.225656965378137 -0.0518563179777166 0.0625816257636433 -0.0562671754330053
"105" 0.124299048477212 -0.340598133677119 -0.159413698132239 -0.0707986861964486 -0.137052888669933 -0.0478769203539195
"106" 0.0117232018575007 -0.425085481779949 -0.221703239723593 -0.0331657985615392 0.0396411056061327 0.0114883856567242
"107" -0.0172128562832089 -0.351316320430587 -0.355782728389668 -0.0158474681547116 -0.204302853506613 0.0210890536732173
"108" 0.0316434349112707 -0.377364214286503 -0.270785901631988 0.115603296153801 0.113602741904862 0.0159957587289241
"109" 0.30864983822904 -0.472348695849576 -0.0193264222335301 0.0160720884744347 0.14905799024951 0.0318866195961613
"110" 0.484018142248759 -0.31922580645345 -0.0104750847846376 0.0515341907978428 0.128808148865376 -0.0300827492287836
"111" 0.554153079465163 -0.322900852049293 0.0860307186892421 -0.0160371183652448 0.13903166552775 -0.0886240345538206
"112" 0.542066045453336 -0.139418600480065 0.0656389197822245 -0.00853888182970646 -0.182895997964011 -0.143320338699537
"113" 0.203947795250719 -0.271333410241152 -0.0682102589140477 -0.176770441838967 -0.187661658343031 -0.0558478910396347
"114" 0.254525168491815 -0.344480788382669 -0.107124084069933 -0.132649094772202 -0.184711901716847 -0.0618417217875122
"115" 0.230313831565736 -0.413101410824362 -0.00512686180575777 -0.15535786097357 0.0980257591793321 -0.0286821118700077
"116" 0.274128398137236 -0.310773992304153 -0.096389238409286 -0.0643661069236834 0.0183825341435272 0.142451971801885
"117" -0.842967475869468 -0.0254267428939693 -0.316446554344865 -0.0283736957760427 -0.0290913943581247 -0.0567760093720813
"118" 0.205011557833158 -0.430323704099337 -0.266984010287001 -0.0932047916735379 -0.0615871114831806 -0.103466869950675
"119" 0.211291183170875 -0.340192601130811 -0.215019362256994 -0.0602070031143464 -0.174179163530297 -0.0831021251039682
"120" 0.107429333941153 -0.356908514867321 -0.261478392323321 -0.0225137523815916 -0.203033370678967 -0.0234647506635151
"121" -0.0531460930842042 -0.352005946120283 -0.317604505871848 -0.0728679173730769 -0.14654231482979 -0.0370443208284673
"122" 0.100592183055751 -0.354692314092696 -0.221546010772324 -0.0407807287707065 -0.152050086469049 -0.0258952481371676
"123" 0.250221188262253 -0.38704199211438 -0.140735738182975 -0.0656587111468769 -0.122612952645297 -0.0268741938256643
"124" 0.382401181189092 -0.356132503988616 -0.102853327629592 -0.0698846749701988 -0.09803374028639 -0.0484640350348353
"125" 0.470792268790053 -0.322709836403662 -0.0507229921319801 -0.107716640125385 -0.106800398616105 -0.0126415629005433
"126" 0.414255984862596 -0.45085978814576 -0.00567485586175386 -0.0870099522224683 0.0949759866404766 -0.00911712161751201
"127" 0.547581855357672 -0.234951884072601 0.0192718251403968 -0.0391960948422312 -0.197742500721749 -0.105823408728544
"128" 0.32671572135257 -0.316698296482245 0.0215525914563214 -0.164008365788177 -0.184640353791636 -0.0744403928257535
"129" -0.0458523381919074 -0.311528221444888 -0.154475328754306 -0.204584580217597 -0.218780307634492 -0.0119945706980683
"130" 0.27673285403858 -0.283912761489168 -0.126340530697053 -0.0311215400468056 -0.165866972083077 -0.11671655374726
"131" 0.448849771321222 -0.400361726173024 -0.0411870939021971 -0.0289316812744867 0.181805504522426 0.0289560641810744
"132" 0.238301253042324 -0.0766096763456817 -0.0102742208420157 -0.216323569407971 -0.19556253737239 -0.0824855153106784
"133" -0.911675356706897 0.0216364809481336 -0.299947487574698 -0.109259955072841 0.000113642926474435 -0.129140453990518
"134" 0.188342873017292 -0.308412948473929 -0.345838120325948 -0.202475505593397 -0.0425562326788917 -0.162836998950969
"135" 0.16586126073498 -0.494469953680778 -0.170473921818155 -0.110349679910498 0.0720370339691835 -0.0700171287325615
"136" 0.0817678062019794 -0.568480595284859 -0.185112272093647 -0.15693948262258 0.0659571645935322 -0.0637747399148144
"137" 0.17637068715669 -0.399280867134583 -0.162982140291251 -0.0357885887685574 -0.0878206044381999 -0.0625815164820038
"138" 0.417035598592599 -0.299968484665679 -0.00512709631932681 -0.00498056604532467 -0.0626986539939687 -0.132264223163181
"139" 0.596145960645646 -0.169309902676104 0.0547842053831618 -0.0136418724976055 -0.107659385873225 -0.154471842991059
"140" 0.625645651725849 -0.126131512052378 0.057696443814954 -0.0544506043041442 -0.15909145810062 -0.135022248952278
"141" 0.500972283449453 -0.337110556819522 0.0471306575409373 -0.180009781277517 -0.112172808752098 -0.0728602435275405
"142" 0.498030542367194 -0.289023609710097 0.0338917171287992 -0.153417014182568 -0.127484304830207 -0.0719761116543485
"143" 0.496230080789034 -0.24773380727931 0.0364596200531683 -0.197783950148574 -0.171898913557458 -0.0630669535130167
"144" 0.169443056083044 -0.416174182963451 -0.0443881105698826 -0.341813654754162 -0.244806118504686 0.0283621009329635
"145" -0.0821062802310552 -0.391930550869545 -0.168370595048932 -0.230897693844085 -0.22582357211013 0.0403399616143051
"146" 0.251921490892801 -0.369092481980369 -0.106719246066266 -0.0555606863647477 -0.0968112424755376 -0.101779726030948
"147" 0.405022746647553 -0.161663855970477 0.064430601402295 -0.0664316253490601 -0.168485194478277 -0.19905709264719
"148" 0.146949701111974 0.174718984423553 0.00814320654426228 -0.124002079692979 -0.218184886417402 -0.104154672002072
"149" -0.750674751153398 0.44075771149997 -0.358221472725847 -0.0373466338379563 -0.102854161032441 0.00329476852350341
"150" -0.0088517338552625 -0.578782780438251 -0.380547601432488 -0.323850607184585 -0.14183135227083 -0.0148431388668534
"151" -0.0965241330931696 -0.49641590527941 -0.390451997081441 -0.231881991402806 -0.115561039354823 -0.0789538985917212
"152" 0.323274785096703 -0.233144769909438 -0.132458651469217 -0.0159477623109605 -0.179343129255831 -0.131213686734806
"153" 0.498868773195593 -0.0865259613690073 -0.0226317847205091 0.0280110572260222 -0.17264892271541 -0.171376881155438
"154" 0.502704217731375 -0.133856494032256 0.0428062871796983 -0.0472676088310493 -0.128364122520217 -0.185443348807645
"155" 0.492885954309301 -0.169113325766438 0.0379770048530426 -0.127144808287577 -0.201387535403606 -0.161132871529824
"156" 0.491771188868727 -0.243237102661925 0.0573089357821462 -0.172630337786768 -0.213610486271135 -0.140582520920272
"157" 0.544846372548244 -0.162935500191012 0.134955321663502 -0.193894432816358 -0.179849068783341 -0.165920096888281
"158" 0.436210991448196 -0.341498715493584 0.078941925407768 -0.325495881735128 -0.183760287014645 -0.0849670676094334
"159" 0.194329489327401 -0.394621432918186 -0.186913491543958 -0.180617400034304 -0.216004985593531 0.143823310939151
"160" -0.171926173150294 -0.319237313979213 -0.328154735136989 -0.128573278297952 -0.239855422240596 0.0119119197501278
"161" 0.110652705715122 -0.362355857751073 -0.195644341730542 -0.0464971152289512 -0.1383042847042 -0.103725622870101
"162" 0.450343393049241 -0.254016124479181 0.0855670963345457 -0.036926809323655 0.169429313495632 -0.0622754136623132
"163" 0.188761583457436 0.192946407528181 0.0820607833887131 -0.148252348686999 -0.35780244973358 -0.123265975229674
"164" -0.625886008054376 0.241826692059002 -0.266874506514527 -0.0539005162949805 -0.170081807971699 0.0331779646014412
"165" -0.0827477605962477 -0.299293646431481 -0.680728620571806 -0.318489088849319 -0.112919504015253 -0.0341088532916852
"166" -0.0341648137737356 -0.539200948370857 -0.584082162889329 -0.233824995309043 -0.213852165572846 0.118877733650716
"167" -0.0153194346509935 -0.277834015553054 -0.361717832325783 -0.14737842867457 -0.292669779356076 -0.103450432866248
"168" 0.112990911005315 -0.167319983017037 -0.270610639264507 -0.0755827644246264 -0.292571612745093 -0.145854844084704
"169" 0.114912418872354 -0.341436381234368 -0.199214376586417 -0.170313314696835 -0.189396418437975 -0.106668906066126
"170" 0.164416010963907 -0.37743627341659 -0.174869897827553 -0.157885460279812 -0.152920943952802 -0.10848484928574
"171" 0.387587987122122 -0.310405166798555 0.00210043730446074 -0.142229533601901 -0.146655105143333 -0.17136024346061
"172" 0.663954309638565 -0.140182322638166 0.0468241739882548 -0.0521371205321904 -0.119245145398019 -0.0516119023812209
"173" 0.338377950755956 -0.373989956185872 0.106296067919705 -0.343398915972303 -0.198994100104078 -0.0928967219320824
"174" -0.0925700385063499 -0.400831542097774 -0.161086811995818 -0.295552781711142 -0.27516802795287 0.0203088257779283
"175" -0.263124729947953 -0.366980043423472 -0.411467297237103 -0.066845146741648 -0.230209955203026 0.0122614071961456
"176" 0.0396301531878315 -0.350238439704017 -0.269108501470018 -0.0460196184292356 -0.148630763222041 -0.0614597039659468
"177" 0.424915607625474 -0.250515909622408 0.0655995947340347 -0.0470197318708824 0.180820007971651 -0.0415294750258242
"178" 0.31042544345013 -0.326415957716166 0.137832216269565 -0.179506706283785 0.102761613113706 0.0147639561264269
"179" -0.398048907372324 -0.370653448444735 -0.121574320035419 -0.254066507342782 -0.074338109077317 0.0500888013016617
"180" 0.0146642335581009 -0.26844208781986 -0.632928865170268 -0.388063079870041 -0.0384138654147285 -0.0740634247677735
"181" -0.269562347857125 -0.539626678241457 -0.475620754502076 -0.297839812749684 -0.198769104241067 -0.0490481291802671
"182" -0.256446633434719 -0.427374776885241 -0.406667469632701 -0.130249535788747 -0.0101998419926505 -0.0745472110590164
"183" -0.103834825973844 -0.487252809064839 -0.289467539149923 -0.129778856833386 -0.0510971352983484 -0.066201874966384
"184" 0.163317144422905 -0.422119522804846 -0.161283874196704 -0.0989337968776399 -0.135186096954246 -0.0882595972171586
"185" 0.418726766136413 -0.245948453408042 0.0150998852752343 -0.0795759235322086 -0.214523643926342 -0.163197989730342
"186" 0.604833287427119 -0.118686541691376 -0.0021964206907352 -0.0649049452911021 -0.187293748377548 -0.0436908070122544
"187" 0.178888612194202 -0.351082544294438 0.0211470373576364 -0.3504378292604 -0.267714703057357 -0.0433895852940446
"188" -0.199876316168865 -0.41865806164694 -0.231624803424752 -0.259338381838589 -0.232461340097773 0.0316300655628898
"189" -0.00743988765885723 -0.380799716383024 -0.261765460371027 -0.0632077819938323 -0.189628348176081 -0.0286649646785569
"190" 0.332206971259934 -0.252013396032386 -0.0760035975047914 -0.079238133975004 -0.184540368476714 -0.0881052348716975
"191" 0.445277967968896 -0.327245146397235 0.0935490320178181 -0.113890380030665 0.157429718802626 0.0128440657363132
"192" 0.322906967146752 -0.181061540583781 0.140722464803612 -0.271993120969301 -0.341970394397764 -0.128263714618381
"193" -0.135007759758641 -0.177373883106515 -0.208981134707463 -0.343635540667446 -0.46913076800647 0.00608452272624182
"194" -0.0347236074989827 0.117709905462782 -0.956602460131231 -0.403874720152056 0.44612692854531 -0.0501034848269116
"195" -0.192425913855875 -0.461996561413907 -0.516389167439455 -0.244959530940091 -0.080409670614149 -0.0607500680210198
"196" -0.182241999448247 -0.337345833506283 -0.426118933838896 -0.0477216852156112 -0.119063497805228 -0.0708627678764626
"197" 0.0257710677712145 -0.351248569093155 -0.223002306771967 -0.0309489555786865 -0.132712334809842 -0.0804408393687082
"198" 0.323284858726679 -0.313543308215368 -0.0455466829675684 -0.0297037663225338 -0.186719799304903 -0.140467875869881
"199" 0.491742666306299 -0.13000393474057 0.0728699041253621 -0.0485247835867101 -0.254526969192895 -0.186238456661293
"200" 0.348349205920674 -0.0485487513151135 0.0613306796296169 -0.17105418639683 -0.38039334165251 -0.171142998682238
"201" -0.1022860027486 -0.429728825257636 -0.12417834389354 -0.339861875619307 -0.29651741995712 -6.55885985887933e-05
"202" -0.48101559111432 -0.402329892496946 -0.396680475494012 -0.183354433769675 -0.288193210790025 -0.0346489262882714
"203" -0.119282682858644 -0.395814438376451 -0.265602047869602 -0.039378954369003 -0.0680970852537264 -0.105579697813881
"204" 0.464860071258348 -0.190804866008353 0.0515155610889008 -0.111551459532595 -0.139182087961536 -0.135263154940746
"205" 0.468845256566693 -0.0972908589370329 0.174475519682649 -0.140870365405756 -0.163499675456429 -0.159439620819468
"206" 0.351863987467254 -0.0508487951779849 0.121612132930762 -0.275830260186659 -0.380324887635483 -0.108079972497839
"207" 0.108772892755774 0.112711188665477 -0.210154174671152 -0.374243016146786 -0.534613722188316 0.0335307893376447
"208" 0.148379704695116 1.0094497506554 -1.03675292903065 -0.167086655286019 0.132591971837646 -0.133204373402964
"209" 0.0879177573766944 0.0494261880816923 -0.741295788667136 -0.335794784734265 0.0929647509034731 0.0249012348992539
"210" 0.116814072620971 -0.291012203100286 -0.253255435135474 -0.0628987369256769 0.0150162098682001 -0.12961484415828
"211" 0.272451016276476 -0.204534278791934 -0.0803926446373891 -0.00455066489238705 -0.124145105081664 -0.0916513305106189
"212" 0.455803523825665 -0.169238993982592 0.0359257637022519 0.0220857733331432 -0.22692849493238 -0.188741698346419
"213" 0.39306268566927 -0.0791505421784127 0.127705926388416 -0.0595561779602756 -0.266607484688714 -0.2046376056858
"214" -0.0297752569173078 -0.138864447311583 0.0441669104161501 -0.259448646090123 -0.363657431989384 -0.150572998573518
"215" -0.556853669714244 -0.473944073643749 -0.189716248228513 -0.367966710514503 -0.231394904902263 0.0100739510908945
"216" -0.458213198046596 -0.346039133879735 -0.399548066930511 -0.0733785388970688 -0.290709349000751 0.0490494823900973
"217" -0.0318745384796913 -0.27409219720863 -0.281294469459138 0.17619342090989 0.133467785949293 -0.0423503010781472
"218" 0.468582589073275 -0.114220683596009 0.00258344249854925 -0.105264313479806 -0.188353943017683 -0.0898425884070407
"219" 0.367812831193401 -0.158999390361828 0.0925670831301375 -0.212499449514353 -0.178895744726535 -0.0847669199150975
"220" 0.342936752675164 -0.284163593457038 0.0970636155734322 -0.195524647061297 0.0960921102701747 0.0787490542478787
"221" 0.169571112450583 0.439085859774908 -0.227721703315514 -0.273786426221369 -0.473082509681332 0.0190092388823834
"222" 0.54074314445488 0.711887069797305 -0.904836454636689 -0.158812260641545 0.209631520148265 -0.0828828041280975
"223" 0.478088019682918 0.0417987558767146 -0.286266526463215 -0.0623905150443137 0.176368418564393 -0.150203972630971
"224" 0.460259413423003 -0.0191249441418313 0.0405385149653438 0.0834538963800841 -0.165421583578921 -0.148651448834004
"225" 0.472329712848108 -0.141183187064194 0.117105114060306 0.0188434716308047 -0.205654979660842 -0.20187130109573
"226" 0.218930557490306 -0.0935835150149266 0.17439267375147 -0.0862852224376749 -0.247883511948114 -0.159297695026383
"227" -0.461127010446342 -0.344957546360711 0.0613888347759599 -0.321126571154297 0.00417356903643694 -0.0501235248867185
"228" -0.869879173799705 -0.350227689688363 -0.151083257188364 -0.14497689728928 -0.0170263993221175 0.0117474724064151
"229" -0.331091141051295 -0.192992460971236 -0.255010805012872 0.181086615500466 0.0224127678833215 0.0331417813120479
"230" 0.241993857544955 -0.228212106383903 -0.130921264890302 0.135523706517867 0.123769740734324 -0.0252679142543701
"231" 0.465288532351705 -0.0678993854241912 0.0231167188937151 -0.128551649319319 -0.20167263060385 -0.0837223401329368
"232" 0.333436420387466 -0.117294088268836 0.0150686032174654 -0.225817631332616 -0.252143860080529 -0.0016158268951651
"233" 0.307977478094769 -0.322253303197546 0.0957703155979249 -0.164216408932964 0.0987708677706216 0.107165520055716
"234" 0.538270132537278 0.827825475483094 -0.787409960622469 -0.153652941520298 0.246578351222135 -0.142523061852961
"235" 0.416137365162812 0.116577525328641 -0.364599446329762 -0.110381868007054 0.29513980326076 -0.153581411718985
"236" 0.567869010509989 0.0170157374392275 0.137741498519774 0.110591154724795 -0.117947197330738 -0.245454316001107
"237" 0.532245239868789 -0.0254698628030444 0.234460544222157 0.0728485842423685 -0.168933983142185 -0.22932098882542
"238" 0.226589837987356 -0.0995252242123095 0.227225868583782 -0.0699593230493288 -0.213392250190764 -0.170993129266187
"239" -0.509765693041071 -0.334898788382593 0.0879961753395845 -0.180939336137217 0.0406597033542611 -0.0347717748573237
"240" -1.02203621780506 -0.119494578142116 -0.176183213109825 0.105068433166826 -0.0113168174054616 -0.0168609195703414
"241" -0.659172753277465 -0.156949704086228 -0.344967240295976 0.20336099179896 0.00846154122893696 -0.0502955345013023
"242" 0.0743162078522708 -0.144143991938154 -0.221991778824069 0.103653550266184 0.129724872292737 -0.0573571724363096
"243" 0.437069816407402 -0.0427682876608349 -0.0411701357199133 -0.14960837544753 -0.22766069373699 -0.065083978168148
"244" 0.305227948526749 -0.234185797231096 0.016826328083978 -0.271997974954231 -0.191847541114713 0.0268579408517684
"245" 0.327555038745631 -0.183766173163776 0.0735414962447102 -0.111179901432391 -0.187643677281533 0.114149651983242
"246" 0.0697180019224933 0.571083019621191 -0.164624053272632 -0.0996594317068597 -0.511502113671569 0.0318300557838835
"247" 0.61720228695783 0.282375841911628 0.117558170165596 0.195342797806582 -0.189658865913038 -0.333101168097265
"248" 0.5865147572259 0.0628372049394667 0.274194351982302 0.0864717711497589 -0.210116103778192 -0.299437101116375
"249" 0.262442877699954 -0.113015144523354 0.202014197738488 -0.054731607198267 -0.222926221628459 -0.173851397725022
"250" -0.371603873092705 -0.236240336906011 0.153145527678767 -0.0884499767671873 0.0258120076402091 -0.0275225221125071
"251" -1.188611631228 0.00781329569876491 -0.12444541143748 0.0786876333148275 -0.0179279073570633 -0.094321505709952
"252" -1.18680069986891 0.0403820827960954 -0.12411809782226 0.103476544025089 -0.0214257632859406 -0.0947712304539636
"253" -1.11819336028875 -0.0710541993760387 -0.38380465942937 0.148029008888999 0.00789484492074504 -0.0942088029268911
"254" -0.333285908762615 -0.163955115814191 -0.402027988629319 0.133848790870268 0.120330041944341 -0.0625957535586681
"255" 0.244985897035262 -0.14766104987183 -0.199195278121413 -0.100745088948908 -0.219501284655311 -0.0243307134691417
"256" 0.316343366395241 -0.208856732720408 0.0569947630651034 -0.215899743634799 -0.186451446534278 0.0154620000550701
"257" 0.24277760143346 -0.0415996280968543 0.22507201732098 -0.22339670756105 -0.260141199751963 0.0508965881727525
"258" -0.115290372520727 0.343788447453232 0.062163952353386 -0.0704315197347089 -0.217661686767762 0.102792260070116
"259" 0.363074513725725 0.356399758928739 0.0846149046762042 0.0811217292298885 -0.264616199697416 -0.396146361364448
"260" 0.586213923042603 0.0554883306045835 0.227079916447387 0.0646678077813398 -0.238122496065639 -0.289339973101551
"261" 0.327786113307633 -0.141331731392982 0.14167557645966 -0.0318674103682735 -0.227321250064614 -0.159543019532911
"262" -0.179040428455238 -0.248874860431949 0.214919137411787 -0.105412077890777 0.0370827218341389 -0.037211664699613
"263" -1.15059975269218 -0.0164576229686817 0.0357920403730267 -0.0155666502279873 0.00624158172335371 -0.100410764704297
"264" -1.32667653898045 -0.0418231777231493 -0.286350692831888 0.0848558987368101 -0.0208805240591405 -0.0799845858833647
"265" -0.477386736024499 -0.183697958030265 -0.407142126128134 0.1014406761127 0.0598515884810642 -0.00765472143245795
"266" 0.078307870519693 -0.186908810329513 -0.189457157076523 -0.0938102633215864 -0.149206163118857 0.00970327175260861
"267" 0.260345612807925 -0.071603973583198 0.143429197363706 -0.150220167767179 -0.17391882356304 -0.024586069846132
"268" 0.152202082316057 -0.0174371032791948 0.320757983304962 -0.258750751759463 -0.261352067285194 0.029387718932496
"269" -0.140662533302216 0.0339866333608309 0.213126522981435 -0.194796719523426 -0.369189042823414 0.0324179340042048
"270" -0.881742947938207 0.0978777127764172 -0.2073871665952 -0.00405639312694462 -0.113953235454318 -0.0488245311806976
"271" 0.528044941757716 0.00702215906960719 0.064716818682021 0.0273715085384827 -0.234375134664359 -0.270291190946469
"272" 0.315341015364741 -0.354005999431048 0.182583282711515 -0.059864934550456 0.078551877460391 -0.130467724261844
"273" 0.133620686080613 -0.244575103060821 0.171512838344064 0.0614452345300389 0.0901484261609642 0.0742550872418642
"274" -0.866222629147492 -0.0201249108537175 0.166136581355763 -0.0195770888042328 0.028764157368213 -0.0446039951858012
"275" -1.29143635399435 0.137296612391798 -0.115643840181375 0.137338040020147 -0.0193706790795922 -0.085708379875175
"276" -0.615904128260666 0.00985129083436214 -0.216498065154578 0.134313517561802 0.0324309391169992 -0.00958905972913684
"277" 0.0143316421378117 -0.0615825471140457 -0.0140948141158259 -0.125027247618037 -0.291898791583254 0.00737243576924008
"278" 0.107890911377663 0.016154927271536 0.261308397921409 -0.174085073857638 -0.266127383537572 -0.0281801363310435
"279" -0.0480437337527969 -0.103173846467234 0.396706332457004 -0.278934527533929 -0.162031835882378 0.015758555827918
"280" -0.268188179999469 -0.0211124826922613 0.232187388110456 -0.196893891585532 -0.271440569852492 -0.0198063533991774
"281" -0.968320648226984 -0.0547672439288559 -0.133567169585675 -0.0537014832341522 -0.0368471088770623 -0.091321554889515
"282" 0.500221204531393 0.208237974880812 -0.261697643902637 0.086480985294027 -0.176692168249675 -0.252411622903706
"283" 0.438619981186013 -0.0637950390609446 0.118659806547166 0.0543638709078982 -0.198062715523017 -0.21457165810653
"284" 0.276142374073334 -0.185074079153624 0.272211424197417 0.0652095541672722 0.102559988439212 0.00803254510461513
"285" -0.472542643709579 -0.0949016816529136 0.384265948009172 -0.107044700564866 0.058501835298149 -0.00331409678647474
"286" -0.941251525715113 0.1356637680547 0.127713642279488 0.159124226940295 0.0180145236268118 0.0214633286632023
"287" -0.719280908446562 0.0693495626004023 0.0764392772232404 0.186602046113256 0.110142524537138 0.0160458288971116
"288" -0.19188060939739 0.0525173635594191 0.10605747973909 -0.0915720397467851 -0.276365280864383 -0.0460764600894591
"289" -0.08228004806179 -0.00477759644588198 0.298257804750108 -0.148790269203581 -0.182474854559551 -0.0613947422248169
"290" -0.129186234458508 0.0116703425593425 0.461073658733422 -0.190277665263941 -0.238676076249984 -0.0318063758978737
"291" -0.363296971429105 -0.00159057504647556 0.347425361274473 -0.127875308605983 -0.170966080776609 -0.0444948264651691
"292" -1.02702958900592 -0.0749451012197822 -0.0789933288573494 -0.000855492225357482 0.0369146724804231 -0.0731013191459014
"293" 0.304873436161724 -0.273760324673946 0.157574724018424 -0.0593279672186121 0.102623283467828 -0.132641269816956
"294" 0.311280534172889 -0.0601198193632315 0.343086461141529 -0.0396646727795911 -0.196562124327724 -0.192908153000345
"295" -0.105259820545573 -0.162384594163588 0.570615793898799 -0.144105997124951 0.0669684957250193 -0.052207500151084
"296" -0.581704404771631 0.0120069390540488 0.47217724293113 -0.109062808167533 0.0457355055549818 0.0544234171448018
"297" -0.690147288457874 0.0187314060455423 0.42517880924068 -0.113980423620247 0.102734264036985 0.0705492448163964
"298" -0.377802430624726 0.0481405172373272 0.337479316805978 -0.156484063801798 0.156112866003441 0.0340905701879483
"299" -0.194623998942445 0.165398974774745 0.327312021713729 -0.0446829180689561 -0.140981080383746 -0.0967633241930447
"300" -0.196756421749208 0.177042291570822 0.503075260467364 -0.0440578249947585 -0.196236666798454 -0.112832355861624
"301" -0.519109751663261 -0.172645297082425 0.434372478221792 -0.183159736770642 0.14639967103659 -0.0521528298121473
"302" -1.08437168095991 -0.0313134772187208 -0.0472103614420455 0.0222622810865681 0.0340485784842905 -0.128310597268337
"303" 0.318262327593187 -0.068113867303978 0.146330898233956 0.136742912959927 -0.199643917483228 -0.132312939895872
"304" 0.390075645651424 -0.122195717159541 0.273386519257552 -0.025187825311478 -0.221975995058105 -0.181157194363566
"305" 0.0562278982369109 -0.282839836355152 0.576920087063869 -0.258241174029388 0.116779526536305 -0.0900904348776079
"306" -0.264003139835623 -0.0549642867848517 0.653513554530676 -0.270388296951334 0.0926465433529448 -0.0258913667325057
"307" -0.52230210690435 0.014909386363593 0.582999749207802 -0.203384374802847 0.0774794670008125 0.0349887820406788
"308" -0.450888212211873 0.165762642806677 0.457160037643381 -0.210573906226727 0.0300366154046856 0.0539305416242506
"309" -0.415656233983037 0.145017520526142 0.448090007230471 -0.0948684124057906 0.0965684526928142 -0.00818683315946916
"310" -0.407628973124613 0.0415587978239986 0.503586699297729 -0.0834987046393091 0.0888295785537422 -0.0358406596209378
"311" -0.688096779861946 -0.0230670342363509 0.315580910186913 -0.0602650943051693 0.0716490614344654 -0.0837203186708528
"312" -1.28403355769833 0.0362508341331313 -0.105384950324176 0.0096074645321333 -0.0282657979273888 -0.18647850448682
"313" 0.17042822753779 -0.0108005098700751 0.1694220176866 0.230223961928001 -0.1432581589568 -0.0564823814815961
"314" 0.41089054817993 -0.0174039175150488 0.255787894659596 0.0562332140403616 -0.189387734871729 -0.220885450823352
"315" 0.24592715057797 0.051294195836867 0.38645751004557 -0.105953332531002 -0.300349443467065 -0.236635431926168
"316" 0.000863889999874506 0.18562006887543 0.551410212342219 -0.230685498397842 -0.399539154451023 -0.208470556552885
"317" -0.360208231991999 -0.0780611054907594 0.746568817335615 -0.298580672337305 0.115808102117778 -0.0310091360427198
"318" -0.49685335031912 0.133250368737912 0.633530956626442 -0.075114201732108 0.071090615582653 -0.0205674288228584
"319" -0.51031670090894 0.184011771259652 0.593867349613163 -0.00217219987161588 0.0634721981545449 -0.0364088116681027
"320" -0.390617034942199 0.0671333691438715 0.644311684514872 -0.0812148584302465 0.0952080562048746 -0.0421545019040764
"321" -0.524302751434444 -0.0187972330114653 0.419584425194187 -0.0485212697796771 0.036785066764592 -0.102829829081848
"322" -1.21503625649607 0.0853121518644623 -0.0747408435054348 0.0841400209453526 -0.0315618452049523 -0.126507576687112
"323" 0.177768652219948 -0.0160917752019497 0.187210513380308 0.0789778395032785 -0.20884104950454 -0.164221621353689
"324" 0.129439931077612 0.173166144867851 0.104051960873498 -0.0892007491167017 -0.519964091181233 -0.162032477960503
"325" -0.0970327835120986 0.0230615441642853 0.51332680271429 -0.27773671934625 -0.237577700561151 -0.223034103068056
"326" -0.33378073597418 -0.113617488031269 0.835093490077308 -0.304381924829638 0.194966292639244 -0.0879395237107423
"327" -0.666184142036028 0.153994118875697 0.579201616559686 0.00649432527086541 0.118489710417936 0.0239983243422837
"328" -0.706137135009618 -0.0162831514379344 0.460099164544908 -0.0636160443529631 0.0610013207967378 -0.0263715746761767
"329" -0.352623677231469 0.199311682935453 0.621260783822871 -0.0501913642597956 -0.275736211808248 -0.129322089032934
"330" -0.25385616883721 0.0437749744274823 0.415027566266991 -0.0557642034663642 -0.290242882734617 -0.154130861670563
"331" -0.803354427487651 -0.0742937237163659 0.00714904052603665 0.0512771991922227 -0.0140250848806834 -0.00740771496318009
"332" -0.0542323737281509 -0.192811406897248 0.155842361103296 0.0626228982786142 0.0516687080104756 0.0288975385160246
"333" 0.0849505040225316 0.0614315009962602 0.0736169124156969 -0.0899457533530601 -0.370786788940147 -0.0398849683921726
"334" -0.0480896483846543 -0.034912571994205 0.395442474412333 -0.27087320330631 -0.165086353781053 -0.21500497640837
"335" -0.148935080097081 0.096437242578887 0.644051495796167 -0.209322106715888 -0.141195907583952 -0.215674161999306
"336" -0.68389963514061 0.071122701188999 0.354237190442379 -0.208637555098816 0.0964492967753243 0.0729598817896814
"337" -0.599717030797931 0.264311496788673 0.120738679217543 0.173387067688316 0.187727145915947 -0.0783532049326834
"338" -0.371589975694588 0.0849265510141035 0.517654299867498 -0.0758307875232126 -0.146085202485134 -0.0899698068820299
"339" -0.335731825865877 -0.231578338495251 0.416520290427116 -0.169054167372208 0.00141180300240564 -0.0209332802999694
"340" -0.397071041948136 -0.282036143934008 0.0739578092451936 -0.0368918560284568 0.00101093025345704 -0.00230617414017658
"341" 0.26874379001529 0.0580499565919196 0.226382136327239 0.103531874638189 -0.265356490749225 -0.0690647062892982
"342" 0.408348598337816 0.446876839856109 0.111422307429266 -0.223370650241551 -0.3997135275304 -0.010499077482599
"343" 0.0254780455324849 0.0595464513798134 0.1044742420075 -0.34624185551064 0.200157771287591 -0.0502758619401411
"344" -0.499554675690837 0.37938685916974 0.152559036643148 -0.230719397303807 -0.0023502433501457 0.102087969145744
"345" -0.564999005231121 0.444517468371743 0.215678311322171 -0.129077743311506 -0.159032566980392 -0.00954280372169476
"346" -0.398918512281683 -0.168904623987298 0.464272369946343 -0.181796237080698 0.26150521696893 -0.0596911748366624
"347" -0.223182011449076 -0.172415950682631 0.193269446248107 -0.0777036126976892 0.062296975097751 -0.123979912941244
"348" -0.142720230328096 -0.281013906572746 0.0559960970086886 -0.0763699355563092 0.00959792882364887 -0.0738260344507752
"349" -0.564852849090109 0.0991357686843333 -0.227384917693063 0.113600057617057 -0.350176541806818 -0.173684752507889
"350" 0.223231758645736 0.186420310099434 0.291922219199476 0.341727565428917 -0.262248453142323 0.105185340322994
"351" 0.607757523059928 0.897969222142988 -0.0787159466831251 -0.0551720141574093 -0.417988559252281 0.0137563440305088
"352" 0.372899396870747 0.507271228516729 -0.572794233401389 -0.334341043346682 0.0711368780897034 0.0808286830041903
"353" -0.467910095243682 0.250965885525713 -0.0413490347672965 -0.219556998086193 0.212451815770821 0.154305185590685
"354" -0.642344987651193 0.267498541572656 0.307101768328189 -0.206681271260163 0.0679398261556071 0.0745606254470398
"355" -0.166624842147173 0.391867927113324 0.0660241066296031 -0.174336993842427 -0.0122074670088354 0.0607093715150296
"356" 0.036738954170363 0.0551073668817742 -0.314647069600105 -0.139629705723071 0.277296613574964 -0.0842540894893842
"357" 0.0610510090835544 -0.0459160491676494 -0.0393688444701239 -0.0983615850832055 0.0760011729523139 -0.135568085846352
"358" -0.0941260381934683 0.25024107384868 -0.0746569212546307 0.160801995187159 -0.451263006421618 -0.178359341662755
"359" 0.403807407450522 0.765944769830967 0.163918550279787 0.292019745950367 -0.0247447831754332 0.124081723217181
"360" 0.427916515305082 0.812975585335738 -0.435692938196533 -0.310478010941536 0.00539708770520121 0.180055933003761
"361" -0.259875413192552 0.244306889564528 -0.110704159955102 -0.277703741995768 0.299885460629282 0.172915920876047
"362" -0.289204728241731 0.494553346579792 0.0501493515715873 -0.23956580212683 0.0304603946567613 0.18196545857054
"363" 0.0577076257504513 0.701306594256879 -0.330095820319983 -0.0458551409381304 0.00170910880089286 0.141601276480706
"364" 0.0844711270351285 0.503428579531035 -0.155430219407129 -0.0677541186821689 0.176735912108798 0.0223721224164183
"365" 0.0357872724487469 0.16021931712911 0.259340907499686 -0.134293135791969 0.0488865472410097 -0.101504615409098
"366" 0.160579148661167 0.0474022672910425 0.219178821552208 0.0219597034184846 -0.040337828543672 -0.121421822980226
"367" -0.884458960219625 0.311775533228732 -0.654961388261261 0.115259873746148 -0.561914406580791 -0.195251016194632
"368" 0.16753470627089 0.507292013686359 0.249327971576842 0.317102734158483 -0.087603921125142 0.209364618200342
"369" 0.18636296855043 0.846582192842266 0.0968741009582614 -0.172079552466363 -0.140392870102697 0.287620489636031
"370" -0.14470662849736 0.763026223771071 0.143544298674342 -0.284441359605038 -0.0860967808980922 0.274193289962322
"371" -0.132454960407421 0.748850871147569 -0.0534225039526227 -0.198990857886362 -0.104350109272535 0.198426960103126
"372" -0.0986275693497868 0.541361027314633 -0.0962921118170254 -0.0818425304594595 0.0483992057415644 0.136710434065643
"373" -0.287600373545454 0.316748199291514 0.470085099143353 -0.114139754575236 0.0542741586666707 0.0420634293623354
"374" -0.138168700866861 0.05362875656587 0.567621915702219 -0.101687268692212 0.0629450522527811 -0.0231121232481776
"375" 0.272006827477306 0.23810712763875 0.274271293511787 0.0514298304357138 -0.375158135294158 -0.161230828511486
"376" 0.0945415033413741 0.52045055721133 -0.217092831261902 0.0519213880010462 -0.328861371511865 -0.100587061709824
"377" -0.436929553257758 0.141903080296362 -0.469315864142895 -0.144210512626175 0.05179603873632 -0.0787453349702585
"378" -0.983631965092199 -0.16714689845191 -0.387127795738928 -0.128755576296145 -0.00564884498055207 -0.137396777624576
"379" -1.32680898806383 -0.233989483374653 -0.626053827938712 -0.0861121064010656 -0.155731576838749 -0.159884878204057
"380" -0.0586468085038104 0.0107661905830088 0.243622594760045 0.257684488519056 -0.0214130096965426 0.201989409139882
"381" 0.160512365039942 0.497510063582477 0.264877457919154 0.0401954712207267 -0.135044024376312 0.229706228847432
"382" 0.225078622921642 0.67505243542983 -0.117661196392792 -0.322768265116832 -0.0768356350169919 0.214244915089028
"383" -0.0674249552807292 0.467208180078634 -0.200583341805259 -0.157527779056708 0.0451373916600326 0.159942515308753
"384" -0.385283575240957 0.0913162417785945 0.397135943109473 -0.19706445071475 0.168574607171203 0.107493271929279
"385" -0.382859440241738 0.0390059953314971 0.676790632273442 -0.0741756905344386 0.0838348596972505 0.0333702146831419
"386" -0.186414735812967 -0.111685908063726 0.634288526762578 -0.191226725316015 0.0979370702656518 -0.0188265322403998
"387" 0.165662608913494 -0.159777655255256 0.413169147881768 -0.143064456139622 0.0709380668287371 -0.102204836502934
"388" 0.337888557076932 0.200871123505513 0.122046087378288 0.0451107782964081 -0.223044849671061 -0.121070585890599
"389" -0.091770502245778 0.196567486538168 0.0952234458298903 -0.150052790570085 0.038237083924758 0.00660014860243107
"390" -0.247794446576655 0.215880520396815 0.193769014435458 -0.00180203993607376 0.139726354410778 -0.00619541552611269
"391" 0.55010654827046 0.676926688302523 -0.326563580280404 -0.142739986169076 0.0104644775394758 0.0919636659668769
"392" 0.352894214979231 0.708303124421575 -0.527693279466179 -0.18686549069306 0.0642814000731615 0.0998219289538519
"393" -0.0485464178219213 0.221370381376957 0.355722135751498 0.0830101033002255 0.161859659410392 0.00654006655523389
"394" -0.228293453037671 -0.0724690939932523 0.678674158686032 -0.147817491506153 0.141718896458392 -0.0394972745956125
"395" -0.225691257197834 -0.062671284955743 0.676389910159348 -0.144012372845073 0.137782855652237 -0.0386286553026537
"396" -0.0402616442719576 -0.172816246814794 0.634053713449837 -0.263355182447894 0.137015378279719 -0.118746164365006
"397" 0.144925327229472 -0.199444446212989 0.412845734242231 -0.280036024414565 0.143394255179975 -0.068213969253807
"398" 0.256596541742814 -0.189303207693119 0.290394944724881 -0.158878461923213 0.0827551623129293 -0.0475540346672942
"399" 0.0573218933593135 0.331470359923168 0.182561529163844 0.163564608956578 0.0705462143194459 -0.00583112355126816
"400" 0.531567062999075 0.648871941804864 -0.0319997360102336 0.0511760526414384 -0.099815528081362 0.109963390070335
"401" 0.662202682755339 0.701650835563768 -0.335930553542094 -0.235745643877039 -0.0815071640281999 0.0281730435633441
"402" 0.186788441656511 0.0889434103392283 -0.0635351107377083 -0.177153785313832 0.305695228975262 -0.0627643768412211
"403" -0.0958592980612043 -0.118914885343462 0.499417759295965 -0.217508834749933 0.240969604930468 -0.120255565189143
"404" 0.0983894045469134 -0.221966682563645 0.5416690787964 -0.220844852321345 0.179526523560183 -0.181332569270692
"405" 0.0852641423807472 -0.207004158212176 0.343888243517397 -0.43467319674357 0.152534847467169 -0.0270718120349366
"406" -0.136868053397722 0.54408137734512 -0.0154077297650932 -0.160287632906177 -0.13565397857814 -0.117696102874526
"407" 0.10447249990434 0.605804863794587 -0.0746344262647452 -0.0339578574671764 0.0666368453140968 -0.0253291483499073
"408" 0.567359608331025 0.683639558101699 -0.160425641216972 -0.0502281949652294 -0.0137472389259279 0.0522763326124803
"409" 0.403660317818626 0.768812458674868 -0.223468605040931 -0.119704562092474 0.021077891889329 0.0867439366317374
"410" 0.020826802801165 0.044535506333897 0.431852800696921 -0.181926531398478 0.196339209262985 -0.0645290780856516
"411" 0.221924199328571 -0.125466129805129 0.41481323590881 -0.185579194557315 -0.252399374483182 -0.212878462336368
"412" 0.282738596241495 0.141482101517295 0.196595846908203 -0.242495742360674 -0.134595852959093 -0.096655898545052
"413" 0.450504365144196 1.28081754424663 -0.230636331099276 0.0747233651428832 -0.101078056998293 -0.165597758478026
"414" 0.300563406959111 0.432418840496898 0.127497786481219 0.144960632208076 -0.305260275338469 0.053056447677078
"415" 0.232766143286295 0.3714120785475 0.302517785327897 -0.185180914229234 -0.0403143669901463 0.101475042328128
"416" 0.0434943964119234 -0.15655252197264 0.473637650253532 -0.315295148095789 0.0230767119134409 0.0434327111589544
"417" 0.17739738093311 -0.205282196132956 0.177189873958709 -0.382416075304029 -0.31602129490047 -0.00803523336912398
"418" 0.607040618867846 1.00935275724562 -0.179876987647475 -0.0381667774737602 -0.141139479446799 -0.12127089789118
"419" 0.122110158054832 -0.2155750305914 0.384747074046909 -0.0972998379589014 0.0702639716173865 0.00289749199078861
"420" 0.0157747377104261 -0.41896835502296 0.347367666934714 -0.301260578749285 0.0205021350536036 0.0824197377585451
"421" 0.292279122718704 0.613410374190519 -0.13609441321851 -0.177182997327728 -0.37341723988808 0.0649932520793353
"422" -0.0468504743122799 -0.393819760369444 0.193899519076739 -0.147015646483162 0.0843057838994458 0.0126846619026047
"423" 0.00584208241029634 -0.130974760815338 0.100871854430777 -0.351275123559518 -0.342459238471116 0.103779212297808
"424" -0.195098007779262 0.705081555082355 -0.135467760219269 0.00127222976683893 -0.438358552778206 0.0272386241349727
