"X1" "X2" "X3" "X4" "X5" "X6"
"1" -0.658756397050603 0.223836870455392 0.218950699635377 -0.102667245507045 0.0280420135487652 -0.047131730071374
"2" -0.129878512289048 0.0793144476739209 0.186850248052224 -0.131360819635753 0.127580599268555 -0.0843438479294427
"3" 0.0607980038553663 0.0437212178044074 0.174928016996273 0.00192209649126128 0.116464590197503 -0.0537410014500626
"4" 0.106288352651961 -0.0990617529008824 0.259730003094272 -0.127148933801211 0.0749510335824078 -0.0555065081466464
"5" 0.0918049863855517 -0.178359601100258 0.0832120534764882 -0.0795399682096848 0.00567042839279369 -0.0959305863811929
"6" 0.359693635063849 0.10822796139588 0.178017384861664 -0.0608842492922845 0.0497908158841894 0.0178762847969883
"7" 0.133353784735672 -0.268412968309308 0.239253964743394 -0.0834155233580415 0.142958974739315 -0.00163173885319297
"8" 0.0701915232477865 -0.222159939577678 0.0999515873598086 -0.0670737693117782 -0.0216599919154512 -0.122059519896456
"9" 0.278627563074528 -0.332698378777534 0.138436728373502 0.0174373034246746 0.0841733928358138 -0.0951724272805581
"10" 0.547203555142549 0.151325673692515 0.242423437395474 -0.130762910240985 -0.0179072686280681 0.0559346117236996
"11" -0.0161096748297567 -0.171712088952803 0.191307637412142 -0.119708438481722 0.102147582069245 -0.0251407721259992
"12" 0.118381268178909 -0.246941283683971 0.152584206976245 -0.086970080259884 0.0106732872179304 -0.0608219680379837
"13" 0.200732512608744 -0.335020787217813 0.125580692977556 0.00306716946259278 -0.0286361783373186 -0.122463820457423
"14" 0.322723033531313 -0.339365815122534 0.138130598851532 -0.0394799345063083 0.00599135084825016 -0.103937003096464
"15" 0.57803317805586 0.0552841321026007 0.197967978712248 -0.113781372626177 0.00899053122426811 0.0365540138114072
"16" 0.224247895098464 0.570729629284782 0.205988342285818 0.2221101003744 -0.0215464532495679 0.0529705941001565
"17" 0.154888912824213 -0.191237628650545 0.255287099120985 -0.123199801505055 0.123800279664718 -0.000105254679008678
"18" 0.249666147420422 -0.326419816811274 0.0970192308307314 -0.0411810108346491 -0.0601028813805973 -0.11932936960201
"19" 0.206390984321257 -0.289026500476105 0.113864909168099 -0.0218524774105522 -0.0475910296613151 -0.0744917203255681
"20" 0.313344249330828 -0.373212978879949 0.0929131558965534 0.00860596673598544 -0.0837127568420186 -0.0983357902588093
"21" 0.305254313909387 -0.280736850900853 -0.00588514006419466 -0.100719062495085 -0.0688237115885706 -0.0253688575086116
"22" 0.417392748542871 -0.0498564140412757 0.0298477711498971 -0.0684848645071743 -0.0296949211713224 -0.00297092557177721
"23" 0.39163487602832 0.335269483396079 0.156724221455122 0.113807791233434 0.0157111792106806 0.00740810342464305
"24" -0.0563817839972844 -0.0959498454219334 0.229501799704211 -0.119466387210754 0.14080535723443 -0.0207370185652105
"25" 0.0709855099696877 -0.167882998776304 0.127676095398059 -0.072834052747258 -0.0328640841786414 -0.0791278745293234
"26" 0.433107587875702 -0.399669630796143 0.0413220078900756 0.0136919309717937 -0.0962757481045558 -0.100362847963078
"27" 0.284414416762458 -0.387101646796562 0.0997528011355169 -0.00698138539385494 -0.0342759299143187 -0.0732783395721871
"28" 0.259950065532371 -0.329456718676789 0.0109942471234708 -0.0948395824202698 -0.110508835726865 -0.0412410680074128
"29" 0.154097375064141 -0.275769260032836 -0.0765693631319049 -0.0679243332911432 -0.00719320873138852 -0.0318451723616828
"30" 0.189192070024639 -0.0599754963568976 -0.0924288100854069 -0.122242243038101 -0.0689518866648544 -0.0262845501485616
"31" 0.479911901106277 0.447896420711879 0.126783592453432 -0.362617576959547 -0.32718833312203 0.178439966008909
"32" 0.0250161352439291 -0.0818573779729622 -0.0147179454296014 -0.062204560608675 -0.090810181269681 -0.115035877840634
"33" 0.0863514563714285 -0.306320852762794 -0.0151579578130404 -0.0452936373624514 -0.0924374538846678 -0.12580006809128
"34" 0.410223748607088 -0.416616836226695 -0.0369432576298054 -0.0588281105550359 -0.0442907702739162 -0.0652884012991904
"35" 0.291789414022265 -0.387570026528844 0.0220558458681797 -0.0550906288526797 -0.0849701185877039 -0.100541079995104
"36" 0.212187450394765 -0.232527986575312 -0.0478395973706884 -0.14218941875313 -0.144847041789211 -0.0365388998216633
"37" 0.023219968592752 -0.132303427959237 -0.115815766397975 -0.0666063741016244 -0.0642675528924087 -0.0333797450216883
"38" 0.0716017007407673 -0.0132237020756221 -0.121036435390955 -0.0702958943563989 -0.161278654010795 -0.0495062836025524
"39" 0.442830333249805 0.378607028688226 0.125332016752266 -0.341179933749638 -0.282017918767395 0.16572290396237
"40" -0.029954837770658 0.127617242427042 0.00265397927051809 0.00734467923116851 -0.116819623257026 -0.127588827154049
"41" 0.115575888959906 -0.267904604990317 -0.168013712650351 -0.00182309334454321 -0.111426926369609 -0.142223733235552
"42" 0.043927338819991 -0.328883266794833 -0.114397376715074 -0.0499465677219692 -0.131764934338606 -0.160366494878241
"43" 0.310088010649531 -0.387485921119765 -0.116921305595611 -0.0999153227730616 -0.0589399299524355 -0.0926055363357865
"44" 0.30766677639769 -0.328749674802107 -0.0446732683645748 -0.120396143249975 -0.0584811466538607 -0.053033620882521
"45" 0.22356133121984 -0.218385062046278 -0.0934116913165858 -0.118907096241064 -0.140033901668727 -0.0538215280587376
"46" -0.00813649031335975 -0.0135656423151169 -0.133774638969906 -0.0857788597635071 -0.196806458130048 -0.0527690673035998
"47" 0.0388940428817116 -0.0121705776489877 -0.0935375537647803 -0.0448801115771687 -0.145632013210104 -0.0441425294731278
"48" 0.487538008307022 0.186476564959614 0.0332038017862083 -0.138646074448681 -0.105530252547614 -0.00695391739767986
"49" 0.0470229999838839 0.170264280131302 -0.0339912084033702 0.0713008014285115 -0.009971269053227 -0.162655026923773
"50" -0.152426808525691 -0.111937252089625 -0.171296323211145 0.0349064833492782 -0.104856962838571 -0.164133228952658
"51" -0.0493831107244614 -0.285356657814181 -0.170057411701908 0.030445841594389 -0.130362085283217 -0.168546982458954
"52" -0.178045580387474 -0.264683932988042 -0.157886149074483 -0.0102180184726971 -0.130622613699351 -0.162903962559259
"53" 0.222800356179829 -0.350074159355351 -0.158067754542422 -0.1343812553127 -0.0734388864191707 -0.0851909126704843
"54" 0.340925846140143 -0.341959717137138 -0.0878559919349966 -0.138934624117269 -0.0261629232325672 -0.0371982587677267
"55" 0.239897800192488 -0.258289626896235 -0.0957851228134923 -0.0852426388744327 -0.0602746497359024 -0.0540488157771103
"56" 0.0751003086500095 -0.0661180154741974 -0.151451074951086 -0.061241474911633 -0.0991558543747506 -0.0225189335688587
"57" 0.104057139911375 -0.0268264982886152 -0.169835452250125 -0.0751478749549635 -0.0637773704982759 -0.0233220736178436
"58" 0.544786144145964 0.163110865663934 -0.0894229402631047 -0.198477404815749 -0.0744994692935926 0.00782918991181401
"59" 0.102535806200823 0.406327341018758 -0.0181739750099095 0.144902684275386 0.0363153089447427 -0.17826636981874
"60" -0.34723784103558 0.113223839741502 -0.0940324772635367 0.0723271941328307 0.0605524489896225 -0.00298514195986454
"61" -0.340561562204902 -0.205691437076956 -0.153889125644454 -0.0641212924471297 -0.0872944982899824 -0.158051202266928
"62" -0.321153211809716 -0.169711757194471 -0.149946168044967 -0.0111300349889454 -0.158572598055714 -0.14578568458796
"63" -0.319139579991104 -0.197197442155491 -0.14636047966458 -0.0149278623359762 -0.0761419789802624 -0.113250446860184
"64" 0.128417296561758 -0.327444198199259 -0.163015753458689 -0.0893331330937505 -0.0319476910824959 -0.0810893601915861
"65" 0.36593437972593 -0.338543892836993 -0.125918330703255 -0.120303971402215 -0.00866255439513288 0.00196467738426689
"66" 0.24758587207554 -0.212005792276814 -0.110010693334011 -0.0556717371025273 -0.0334785399325543 -0.00827598857197593
"67" 0.230110170485626 -0.159341415955163 -0.156319634135509 -0.069265968319028 -0.0553166106077248 -0.0126723515996785
"68" 0.259772845793484 -0.129830047583564 -0.213967446790161 -0.0857958719991181 0.0214485557730404 0.0113114903131646
"69" 0.49784965543667 0.0814444206155555 -0.175792739308838 -0.193004752804711 0.00417426794709505 -0.0268061677138998
"70" -0.230097922278232 0.573174153184686 -0.0296337855109792 0.0116120770615056 0.100278812332694 -0.0514796141935869
"71" -0.899319949353797 0.221493945944127 0.0310878881138653 -0.163580627066454 0.0469906276471093 0.106776445478518
"72" -0.576734410228755 -0.0847123153566628 -0.0851350001608854 -0.0775472813457244 -0.0471380650831411 -0.0232990571935852
"73" -0.511981772993849 -0.135060279080927 -0.0891799537774943 -0.0223008778077797 -0.091648554550372 -0.127835670168932
"74" -0.342907793238683 -0.168407708921845 -0.0825823333141718 -0.0378796981612221 -0.0259449676951002 -0.0917880127384978
"75" -0.0268342957741877 -0.194705870678422 -0.0546519056918912 -0.0737724082771327 0.028094785606937 0.00550423567740923
"76" 0.148900219377168 -0.289712822115851 -0.0922607607457887 -0.0902918357832681 0.0341036655395503 -0.021448908050611
"77" 0.193670539235874 -0.247313889304984 -0.0909392787971999 -0.107568012457192 -0.0530383785515704 -0.0503028330355438
"78" 0.302444371335681 -0.203594504589744 -0.148810213311055 -0.0656613954116136 -0.0330480508858066 0.018087808090104
"79" 0.250095216319294 -0.255437986449973 -0.22942181858204 -0.0593581047587403 0.0668642109273846 -0.0170061919282335
"80" 0.306600380695936 -0.117533282853052 -0.27538168589967 -0.05511927077364 0.105156914150836 -0.0623740556500497
"81" 0.469362858017685 0.363079845399028 -0.273949230304384 0.116668732756028 0.000836292228203035 0.0573994681940176
"82" 0.444387858115402 0.962877837722143 0.0680320735944053 0.0494292189120659 -0.056314901800113 -0.0136182880990137
"83" -0.704838074701576 0.421377447464537 0.108147905130724 -0.141445330834801 0.0971993248734868 0.0631678180645066
"84" -1.1979052129076 0.168221374811456 -0.00650029587925898 -0.120504303301079 0.0982505495058891 0.0273437446126105
"85" -0.676397558353483 0.0817079279217931 -0.0339307147870634 -0.142801783902422 -0.0610833994129429 0.0619259092770468
"86" -0.476434530348021 -0.100540703429321 -0.0561619509235884 -0.0500797833916381 -0.0204125979696875 -0.0722323923469788
"87" -0.317292561625377 -0.109887950320191 -0.0130241149324683 -0.0605345132655459 -0.0051007259917144 -0.0273089915166146
"88" -0.136252670318969 -0.142742195772813 0.0656023685258628 -0.0597221771553193 0.10843304681522 0.0421223902681618
"89" 0.0271010889329675 -0.234371936592614 0.0189217341809355 -0.0611733376149968 0.10783359605018 0.0266382926681939
"90" 0.0488848831456677 -0.217046659981798 -0.103063406426565 -0.0964338986613102 -0.0271075645918793 -0.024664997499784
"91" 0.133106536739227 -0.236087096211036 -0.12753813866031 -0.0961421947886426 0.00392861395016623 -0.0086595543551142
"92" 0.110504812508818 -0.194285313815193 -0.207986866940699 -0.108440710024368 0.045840392357247 -0.0177171312323872
"93" 0.186199958701085 -0.222697545274183 -0.280435584129392 -0.0711751134915595 0.0978265084445324 -0.0767918434938797
"94" 0.537538800376541 0.279012144516898 -0.308793754296005 0.136001510903356 0.0823568899228484 -0.0667125114941468
"95" -1.02525356778625 0.255082222758413 -0.0367746915445565 -0.122849107200415 0.0799843425545521 0.0489451900852531
"96" -0.462620186747798 0.0434533150436426 -0.0253599193627658 0.0102242917800437 0.00532841846502529 0.0202124362872882
"97" -0.189238103542902 -0.120920781433588 0.0296938967136116 0.0488596057390421 -0.0235574525274171 -0.0361015432134025
"98" -0.139541180135977 -0.148922108121446 0.0253761560135421 0.00684656660718553 0.0211783873716481 -0.0184661821312695
"99" -0.139716451733096 -0.121575721386852 0.0764729926980813 0.0140780990774661 0.117711962351392 0.0545687346867863
"100" -0.0417014199029851 -0.195193129156349 0.0463504304331725 -0.0243060068176582 0.133321838804029 0.0487588470656716
"101" -0.101437979230551 -0.145802778068703 -0.0348772661552055 -0.0681183013753059 0.0967755963387724 0.0443739762992811
"102" -0.0844215327081094 -0.156170323288878 -0.0782025081483829 -0.0720876428175303 0.0454115801799 -0.00767934501234747
"103" 0.00103396957845191 -0.162833712093664 -0.153685362314413 -0.112029943852467 0.0616626277023621 -0.00708189722120357
"104" 0.122610500606407 -0.20168862622261 -0.225172489421944 -0.093627797550439 0.12411029673424 -0.0733007624210084
"105" 0.508539078514624 0.317067715043666 -0.241465621039291 -0.0867205486377874 0.00824456971486864 -0.072199440543603
"106" -0.164153998678754 0.111040230044719 0.00053440232402645 0.180778986191359 -0.0944553662061328 0.0447145400216527
"107" 0.0309368314324487 -0.0386500034866585 0.0496523925083168 0.147953211433871 -0.0108980524304864 0.0746845266794214
"108" 0.0485935244895901 -0.0706669196584063 0.094847299735762 0.0059069454206944 0.0905603510558393 0.128818729016697
"109" 0.114437317787009 -0.174293670589818 0.0379668390280494 -0.00267262280558163 0.118631976908969 0.0756865004720247
"110" -0.168923140274486 -0.0713752120367071 0.0618618699802387 -0.0556436141883589 0.124467391510952 0.0737087704597139
"111" -0.166532861576523 -0.0613303356836074 0.0251230111419848 -0.084787992092567 0.0788438664604101 0.0782218215331635
"112" -0.132155093465434 -0.129004874050592 -0.0293779868930909 -0.104524557867801 0.112565815852273 0.00692762208184693
"113" -0.0332442105192433 -0.132634489206692 -0.096339999722883 -0.0966528698899938 0.112943885322295 -0.0406159835380829
"114" 0.355760733202406 0.171473361736243 -0.158478498712736 -0.132663565370754 0.0697117941380624 -0.0213456671444
"115" -0.21950726621967 0.173876966993063 -0.192183243782435 0.219764085793214 -0.0691063900985281 0.0678413709491485
"116" 0.0251232418158043 -0.0194438121229065 -0.0170795825697482 0.167613069067668 0.00772072724935998 0.0438332911749649
"117" -0.0542006123978494 -0.116970952408429 0.0400948094575613 -0.0424843589065371 0.103875029458879 0.0613980586707035
"118" -0.152326043116977 -0.071125466121367 0.0219320082155185 -0.0533220825467999 0.095943486068446 0.0574489108425464
"119" -0.240302911113061 -0.0727594692788281 0.0188818089594142 -0.0832988434565515 0.0723670763407197 -0.00272210567814248
"120" -0.164034692415946 -0.144534767052338 -0.0418033113704065 -0.0972783721383467 0.107354433784609 -0.0261732295900457
"121" 0.273707090183223 0.201239412641832 -0.0738500061732552 -0.211349481515249 0.103904687162055 -0.0486704463119037
"122" 0.0359238288734672 -0.0652223221829186 0.0482469542128865 0.0492491027493525 0.0651391892842276 0.0646940627937816
"123" -0.00556438197472311 -0.0696072431029316 0.0277907560560178 -0.020996097851229 0.0899551022934063 0.0773057881389377
"124" -0.120754424102158 -0.0410017259498657 0.0247748976243161 -0.0841750025160507 0.0493586154996389 0.0692444464619598
"125" -0.141154579660527 -0.0944475274213557 -0.00231312339812062 -0.0745964583681628 0.123494935567296 0.0477972226939241
"126" 0.128708276496216 0.220746473127953 0.0212384184906599 -0.185819060687107 0.105642948893536 -0.0711839533538242
"127" 0.171733244853075 0.95243965444585 -0.209157443145097 -0.121002461361147 -0.165329978280829 0.0342128239199014
"128" -0.103057762530482 -0.0189373638654328 0.0341474563397258 0.0382294837924542 0.0594481715225051 0.029928716910524
"129" -0.0194228345399539 -0.0310813391671134 0.065021820289536 -0.0420501783322488 0.14518370457414 0.0819411279262419
"130" 0.118072076833286 0.128510080659743 0.0899013521877706 -0.145682254365588 0.0962150020032335 0.0362659523770119
"131" -0.0178817478935253 0.140529827482381 0.0171035120847143 0.0329690419366471 0.0388403780213883 -0.0241305163884289
